perturbation_id,source_world_id,perturbation_mode,delete_k,repeat_index,t_perturb,T_post,T_total,representative_class_id,representative_init_id,deleted_edge_ids,deleted_edge_sources,deleted_edge_targets,deleted_edge_signs,deleted_edge_strengths,deleted_abs_strength_sum,deleted_activation_count,deleted_repression_count,deleted_edges_in_largest_scc_count,deleted_cycle_associated_count,rho_W_pre,rho_W_post,delta_rho_W,n_edges_pre,n_edges_post,random_seed_perturbation
baseline_balanced_r010_t000_A_r0_rep0,baseline_balanced_r010_t000,random_delete_5,5,0,500,500,1000,0,low_00,"baseline_balanced_r010_t000_e0022,baseline_balanced_r010_t000_e0018,baseline_balanced_r010_t000_e0009,baseline_balanced_r010_t000_e0011,baseline_balanced_r010_t000_e0028","2,14,8,4,11","12,11,7,7,14","1,1,1,-1,-1","0.06793031,0.04390979,0.03690265,-0.05286008,-0.07501901",0.27662184,3,2,4,0,0.891363,0.88997,-0.001393,38,33,0
baseline_balanced_r010_t000_A_r1_rep0,baseline_balanced_r010_t000,random_delete_5,5,1,500,500,1000,0,low_00,"baseline_balanced_r010_t000_e0017,baseline_balanced_r010_t000_e0001,baseline_balanced_r010_t000_e0027,baseline_balanced_r010_t000_e0035,baseline_balanced_r010_t000_e0016","2,7,17,16,7","11,1,14,18,11","-1,1,1,-1,1","-0.08491566,0.0355803,0.0997084,-0.06540401,0.06192566",0.34753403,3,2,5,0,0.891363,0.88997,-0.001393,38,33,1
baseline_balanced_r010_t000_A_r2_rep0,baseline_balanced_r010_t000,random_delete_5,5,2,500,500,1000,0,low_00,"baseline_balanced_r010_t000_e0011,baseline_balanced_r010_t000_e0003,baseline_balanced_r010_t000_e0028,baseline_balanced_r010_t000_e0009,baseline_balanced_r010_t000_e0015","4,11,11,8,9","7,1,14,7,11","-1,1,-1,1,-1","-0.05286008,0.09094006,-0.07501901,0.03690265,-0.06149058",0.31721238,2,3,3,0,0.891363,0.88997,-0.001393,38,33,2
baseline_balanced_r010_t000_A_r3_rep0,baseline_balanced_r010_t000,random_delete_5,5,3,500,500,1000,0,low_00,"baseline_balanced_r010_t000_e0006,baseline_balanced_r010_t000_e0027,baseline_balanced_r010_t000_e0002,baseline_balanced_r010_t000_e0008,baseline_balanced_r010_t000_e0037","1,17,10,12,9","3,14,1,7,19","-1,1,1,-1,-1","-0.03040745,0.0997084,0.04555071,-0.04119609,-0.07991931",0.29678196,2,3,4,0,0.891363,0.88997,-0.001393,38,33,3
baseline_balanced_r010_t000_A_r4_rep0,baseline_balanced_r010_t000,random_delete_5,5,4,500,500,1000,0,low_00,"baseline_balanced_r010_t000_e0033,baseline_balanced_r010_t000_e0031,baseline_balanced_r010_t000_e0024,baseline_balanced_r010_t000_e0018,baseline_balanced_r010_t000_e0035","15,10,0,14,16","17,15,12,11,18","1,1,1,1,-1","0.08192547,0.05466846,0.03767331,0.04390979,-0.06540401",0.28358104,4,1,5,0,0.891363,0.856791,-0.034572,38,33,4
baseline_balanced_r010_t000_A_r5_rep0,baseline_balanced_r010_t000,random_delete_5,5,5,500,500,1000,0,low_00,"baseline_balanced_r010_t000_e0029,baseline_balanced_r010_t000_e0028,baseline_balanced_r010_t000_e0022,baseline_balanced_r010_t000_e0017,baseline_balanced_r010_t000_e0000","5,11,2,2,2","14,14,12,11,0","1,-1,1,-1,1","0.06555906,-0.07501901,0.06793031,-0.08491566,0.09833075",0.39175479,3,2,5,0,0.891363,0.891754,0.000391,38,33,5
baseline_balanced_r010_t000_A_r6_rep0,baseline_balanced_r010_t000,random_delete_5,5,6,500,500,1000,0,low_00,"baseline_balanced_r010_t000_e0012,baseline_balanced_r010_t000_e0015,baseline_balanced_r010_t000_e0037,baseline_balanced_r010_t000_e0035,baseline_balanced_r010_t000_e0018","10,9,9,16,14","8,11,19,18,11","1,-1,-1,-1,1","0.07823585,-0.06149058,-0.07991931,-0.06540401,0.04390979",0.32895954,2,3,3,0,0.891363,0.88997,-0.001393,38,33,6
baseline_balanced_r010_t000_A_r7_rep0,baseline_balanced_r010_t000,random_delete_5,5,7,500,500,1000,0,low_00,"baseline_balanced_r010_t000_e0021,baseline_balanced_r010_t000_e0024,baseline_balanced_r010_t000_e0032,baseline_balanced_r010_t000_e0037,baseline_balanced_r010_t000_e0033","10,0,3,9,15","12,12,16,19,17","1,1,-1,-1,1","0.04100821,0.03767331,-0.08685027,-0.07991931,0.08192547",0.32737657,3,2,4,0,0.891363,0.850372,-0.040991,38,33,7
baseline_balanced_r010_t000_A_r8_rep0,baseline_balanced_r010_t000,random_delete_5,5,8,500,500,1000,0,low_00,"baseline_balanced_r010_t000_e0024,baseline_balanced_r010_t000_e0006,baseline_balanced_r010_t000_e0036,baseline_balanced_r010_t000_e0008,baseline_balanced_r010_t000_e0011","0,1,0,12,4","12,3,19,7,7","1,-1,-1,-1,-1","0.03767331,-0.03040745,-0.06306988,-0.04119609,-0.05286008",0.22520681,1,4,3,0,0.891363,0.88997,-0.001393,38,33,8
baseline_balanced_r010_t000_A_r9_rep0,baseline_balanced_r010_t000,random_delete_5,5,9,500,500,1000,0,low_00,"baseline_balanced_r010_t000_e0014,baseline_balanced_r010_t000_e0030,baseline_balanced_r010_t000_e0004,baseline_balanced_r010_t000_e0034,baseline_balanced_r010_t000_e0010","7,17,18,8,3","10,15,2,18,7","-1,1,-1,1,1","-0.0597898,0.09880388,-0.06697989,0.02287329,0.0499312",0.29837806,3,2,5,0,0.891363,0.867904,-0.023459,38,33,9
baseline_balanced_r010_t000_B_r0_rep0,baseline_balanced_r010_t000,target_strongest_5,5,0,500,500,1000,0,low_00,"baseline_balanced_r010_t000_e0027,baseline_balanced_r010_t000_e0030,baseline_balanced_r010_t000_e0000,baseline_balanced_r010_t000_e0013,baseline_balanced_r010_t000_e0026","17,17,2,6,9","14,15,0,9,13","1,1,1,1,-1","0.0997084,0.09880388,0.09833075,0.09832432,-0.09737635",0.4925437,4,1,3,0,0.891363,0.854985,-0.036378,38,33,
baseline_balanced_r010_t000_C_r0_rep0,baseline_balanced_r010_t000,target_hub_outgoing_5,5,0,500,500,1000,0,low_00,"baseline_balanced_r010_t000_e0000,baseline_balanced_r010_t000_e0021,baseline_balanced_r010_t000_e0002,baseline_balanced_r010_t000_e0017,baseline_balanced_r010_t000_e0022","2,10,10,2,2","0,12,1,11,12","1,1,1,-1,1","0.09833075,0.04100821,0.04555071,-0.08491566,0.06793031",0.33773564,4,1,5,0,0.891363,0.891023,-0.00034,38,33,0
baseline_balanced_r010_t000_D_r0_rep0,baseline_balanced_r010_t000,target_largest_scc_internal_5,5,0,500,500,1000,0,low_00,"baseline_balanced_r010_t000_e0019,baseline_balanced_r010_t000_e0016,baseline_balanced_r010_t000_e0027,baseline_balanced_r010_t000_e0022,baseline_balanced_r010_t000_e0033","16,7,17,2,15","11,11,14,12,17","1,1,1,1,1","0.06485201,0.06192566,0.0997084,0.06793031,0.08192547",0.37634185,5,0,5,0,0.891363,0.857638,-0.033725,38,33,0
chen_balanced_r010_t006_A_r0_rep0,chen_balanced_r010_t006,random_delete_5,5,0,500,500,1000,0,medium_00,"chen_balanced_r010_t006_e0018,chen_balanced_r010_t006_e0015,chen_balanced_r010_t006_e0005,chen_balanced_r010_t006_e0022,chen_balanced_r010_t006_e0014","9,2,1,1,12","10,10,3,12,10","-1,1,1,1,-1","-0.14647809,0.16775627,0.18105754,0.11824962,-0.1436602",0.75720172,3,2,1,0,0.971143,0.971143,0.0,38,33,10000
chen_balanced_r010_t006_A_r1_rep0,chen_balanced_r010_t006,random_delete_5,5,1,500,500,1000,0,medium_00,"chen_balanced_r010_t006_e0002,chen_balanced_r010_t006_e0023,chen_balanced_r010_t006_e0037,chen_balanced_r010_t006_e0015,chen_balanced_r010_t006_e0025","13,17,14,2,7","0,13,19,10,14","1,1,-1,1,-1","0.10785543,0.19503075,-0.16224615,0.16775627,-0.17205923",0.80494783,3,2,2,0,0.971143,0.965221,-0.005922,38,33,10001
chen_balanced_r010_t006_A_r2_rep0,chen_balanced_r010_t006,random_delete_5,5,2,500,500,1000,0,medium_00,"chen_balanced_r010_t006_e0022,chen_balanced_r010_t006_e0016,chen_balanced_r010_t006_e0009,chen_balanced_r010_t006_e0031,chen_balanced_r010_t006_e0001","1,19,17,1,11","12,10,7,17,0","1,-1,1,1,-1","0.11824962,-0.16903888,0.1543736,0.10279058,-0.14280346",0.68725614,3,2,3,0,0.971143,1.020421,0.049278,38,33,10002
chen_balanced_r010_t006_A_r3_rep0,chen_balanced_r010_t006,random_delete_5,5,3,500,500,1000,0,medium_00,"chen_balanced_r010_t006_e0027,chen_balanced_r010_t006_e0015,chen_balanced_r010_t006_e0010,chen_balanced_r010_t006_e0024,chen_balanced_r010_t006_e0037","8,2,13,15,14","14,10,7,13,19","-1,1,-1,1,-1","-0.17351061,0.16775627,-0.13270316,0.18068244,-0.16224615",0.81689863,2,3,1,0,0.971143,0.942919,-0.028224,38,33,10003
chen_balanced_r010_t006_A_r4_rep0,chen_balanced_r010_t006,random_delete_5,5,4,500,500,1000,0,medium_00,"chen_balanced_r010_t006_e0013,chen_balanced_r010_t006_e0005,chen_balanced_r010_t006_e0011,chen_balanced_r010_t006_e0029,chen_balanced_r010_t006_e0007","11,1,14,3,18","9,3,8,16,7","-1,1,-1,-1,1","-0.19632104,0.18105754,-0.15732738,-0.1492516,0.17193362",0.85589118,2,3,4,0,0.971143,0.928217,-0.042926,38,33,10004
chen_balanced_r010_t006_A_r5_rep0,chen_balanced_r010_t006,random_delete_5,5,5,500,500,1000,0,medium_00,"chen_balanced_r010_t006_e0007,chen_balanced_r010_t006_e0012,chen_balanced_r010_t006_e0015,chen_balanced_r010_t006_e0011,chen_balanced_r010_t006_e0037","18,19,2,14,14","7,8,10,8,19","1,1,1,-1,-1","0.17193362,0.16667851,0.16775627,-0.15732738,-0.16224615",0.82594193,3,2,1,0,0.971143,0.937883,-0.03326,38,33,10005
chen_balanced_r010_t006_A_r6_rep0,chen_balanced_r010_t006,random_delete_5,5,6,500,500,1000,0,medium_00,"chen_balanced_r010_t006_e0012,chen_balanced_r010_t006_e0004,chen_balanced_r010_t006_e0026,chen_balanced_r010_t006_e0013,chen_balanced_r010_t006_e0029","19,9,10,11,3","8,2,14,9,16","1,-1,-1,-1,-1","0.16667851,-0.18423979,-0.15865751,-0.19632104,-0.1492516",0.85514845,1,4,3,0,0.971143,0.965221,-0.005922,38,33,10006
chen_balanced_r010_t006_A_r7_rep0,chen_balanced_r010_t006,random_delete_5,5,7,500,500,1000,0,medium_00,"chen_balanced_r010_t006_e0001,chen_balanced_r010_t006_e0005,chen_balanced_r010_t006_e0022,chen_balanced_r010_t006_e0020,chen_balanced_r010_t006_e0028","11,1,1,3,2","0,3,12,11,14","-1,1,1,1,-1","-0.14280346,0.18105754,0.11824962,0.18778095,-0.19845202",0.82834359,3,2,3,0,0.971143,0.971143,0.0,38,33,10007
chen_balanced_r010_t006_A_r8_rep0,chen_balanced_r010_t006,random_delete_5,5,8,500,500,1000,0,medium_00,"chen_balanced_r010_t006_e0029,chen_balanced_r010_t006_e0020,chen_balanced_r010_t006_e0005,chen_balanced_r010_t006_e0015,chen_balanced_r010_t006_e0016","3,3,1,2,19","16,11,3,10,10","-1,1,1,1,-1","-0.1492516,0.18778095,0.18105754,0.16775627,-0.16903888",0.85488524,3,2,3,0,0.971143,1.020421,0.049278,38,33,10008
chen_balanced_r010_t006_A_r9_rep0,chen_balanced_r010_t006,random_delete_5,5,9,500,500,1000,0,medium_00,"chen_balanced_r010_t006_e0012,chen_balanced_r010_t006_e0027,chen_balanced_r010_t006_e0002,chen_balanced_r010_t006_e0018,chen_balanced_r010_t006_e0020","19,8,13,9,3","8,14,0,10,11","1,-1,1,-1,1","0.16667851,-0.17351061,0.10785543,-0.14647809,0.18778095",0.78230359,3,2,2,0,0.971143,0.951875,-0.019268,38,33,10009
chen_balanced_r010_t006_B_r0_rep0,chen_balanced_r010_t006,target_strongest_5,5,0,500,500,1000,0,medium_00,"chen_balanced_r010_t006_e0028,chen_balanced_r010_t006_e0013,chen_balanced_r010_t006_e0023,chen_balanced_r010_t006_e0008,chen_balanced_r010_t006_e0020","2,11,17,16,3","14,9,13,7,11","-1,-1,1,-1,1","-0.19845202,-0.19632104,0.19503075,-0.18846486,0.18778095",0.96604962,2,3,4,0,0.971143,0.971143,0.0,38,33,
chen_balanced_r010_t006_C_r0_rep0,chen_balanced_r010_t006,target_hub_outgoing_5,5,0,500,500,1000,0,medium_00,"chen_balanced_r010_t006_e0036,chen_balanced_r010_t006_e0032,chen_balanced_r010_t006_e0013,chen_balanced_r010_t006_e0033,chen_balanced_r010_t006_e0002","11,11,11,13,13","19,18,9,18,0","1,1,-1,1,1","0.12035868,0.1003624,-0.19632104,0.1328023,0.10785543",0.65769985,4,1,4,0,0.971143,0.971143,0.0,38,33,10000
chen_balanced_r010_t006_D_r0_rep0,chen_balanced_r010_t006,target_largest_scc_internal_5,5,0,500,500,1000,0,medium_00,"chen_balanced_r010_t006_e0013,chen_balanced_r010_t006_e0005,chen_balanced_r010_t006_e0033,chen_balanced_r010_t006_e0029,chen_balanced_r010_t006_e0008","11,1,13,3,16","9,3,18,16,7","-1,1,1,-1,-1","-0.19632104,0.18105754,0.1328023,-0.1492516,-0.18846486",0.84789734,2,3,5,0,0.971143,0.971143,0.0,38,33,10000
chen_balanced_r025_t000_A_r0_rep0,chen_balanced_r025_t000,random_delete_5,5,0,500,500,1000,0,low_00,"chen_balanced_r025_t000_e0094,chen_balanced_r025_t000_e0048,chen_balanced_r025_t000_e0084,chen_balanced_r025_t000_e0074,chen_balanced_r025_t000_e0069","14,19,4,1,12","19,9,17,15,14","-1,-1,1,-1,1","-0.10988938,-0.17749559,0.17385766,-0.10065947,0.14544963",0.70735173,2,3,5,0,1.071771,1.098567,0.026796,95,90,20000
chen_balanced_r025_t000_A_r1_rep0,chen_balanced_r025_t000,random_delete_5,5,1,500,500,1000,0,low_00,"chen_balanced_r025_t000_e0042,chen_balanced_r025_t000_e0074,chen_balanced_r025_t000_e0006,chen_balanced_r025_t000_e0061,chen_balanced_r025_t000_e0058","14,1,19,1,6","8,15,1,11,11","1,-1,-1,-1,-1","0.1671356,-0.10065947,-0.13154213,-0.14643568,-0.10971998",0.65549286,1,4,5,0,1.071771,1.08067,0.008899,95,90,20001
chen_balanced_r025_t000_A_r2_rep0,chen_balanced_r025_t000,random_delete_5,5,2,500,500,1000,0,low_00,"chen_balanced_r025_t000_e0072,chen_balanced_r025_t000_e0036,chen_balanced_r025_t000_e0044,chen_balanced_r025_t000_e0029,chen_balanced_r025_t000_e0002","8,2,15,8,11","14,7,8,5,0","-1,-1,-1,1,1","-0.11461569,-0.13130409,-0.16333427,0.14937414,0.18987588",0.74850407,2,3,5,0,1.071771,1.062201,-0.00957,95,90,20002
chen_balanced_r025_t000_A_r3_rep0,chen_balanced_r025_t000,random_delete_5,5,3,500,500,1000,0,low_00,"chen_balanced_r025_t000_e0041,chen_balanced_r025_t000_e0026,chen_balanced_r025_t000_e0038,chen_balanced_r025_t000_e0031,chen_balanced_r025_t000_e0035","9,10,6,16,14","8,5,7,6,6","1,1,1,1,-1","0.13853505,0.15381826,0.18516738,0.12526945,-0.10244693",0.70523707,4,1,5,0,1.071771,1.040409,-0.031362,95,90,20003
chen_balanced_r025_t000_A_r4_rep0,chen_balanced_r025_t000,random_delete_5,5,4,500,500,1000,0,low_00,"chen_balanced_r025_t000_e0030,chen_balanced_r025_t000_e0074,chen_balanced_r025_t000_e0093,chen_balanced_r025_t000_e0060,chen_balanced_r025_t000_e0028","15,1,7,18,9","6,15,19,11,5","-1,-1,1,1,-1","-0.18400719,-0.10065947,0.15311245,0.18921685,-0.12446649",0.75146245,2,3,5,0,1.071771,1.04983,-0.021941,95,90,20004
chen_balanced_r025_t000_A_r5_rep0,chen_balanced_r025_t000,random_delete_5,5,5,500,500,1000,0,low_00,"chen_balanced_r025_t000_e0027,chen_balanced_r025_t000_e0021,chen_balanced_r025_t000_e0080,chen_balanced_r025_t000_e0035,chen_balanced_r025_t000_e0044","11,16,5,14,15","5,4,16,6,8","-1,-1,-1,-1,-1","-0.10561745,-0.15958342,-0.17510032,-0.10244693,-0.16333427",0.70608239,0,5,5,0,1.071771,1.064939,-0.006832,95,90,20005
chen_balanced_r025_t000_A_r6_rep0,chen_balanced_r025_t000,random_delete_5,5,6,500,500,1000,0,low_00,"chen_balanced_r025_t000_e0017,chen_balanced_r025_t000_e0007,chen_balanced_r025_t000_e0038,chen_balanced_r025_t000_e0006,chen_balanced_r025_t000_e0023","15,16,6,19,18","3,1,7,1,4","1,1,1,-1,-1","0.1927756,0.14814987,0.18516738,-0.13154213,-0.14976811",0.80740309,3,2,5,0,1.071771,1.04348,-0.028291,95,90,20006
chen_balanced_r025_t000_A_r7_rep0,chen_balanced_r025_t000,random_delete_5,5,7,500,500,1000,0,low_00,"chen_balanced_r025_t000_e0042,chen_balanced_r025_t000_e0075,chen_balanced_r025_t000_e0008,chen_balanced_r025_t000_e0019,chen_balanced_r025_t000_e0013","14,2,4,17,0","8,15,2,4,2","1,1,1,1,-1","0.1671356,0.18793227,0.19247988,0.10169159,-0.18831496",0.8375543,4,1,5,0,1.071771,1.077428,0.005657,95,90,20007
chen_balanced_r025_t000_A_r8_rep0,chen_balanced_r025_t000,random_delete_5,5,8,500,500,1000,0,low_00,"chen_balanced_r025_t000_e0059,chen_balanced_r025_t000_e0020,chen_balanced_r025_t000_e0085,chen_balanced_r025_t000_e0024,chen_balanced_r025_t000_e0062","7,14,14,12,5","11,4,17,4,11","1,-1,1,-1,1","0.14190681,-0.19411019,0.18431277,-0.1702859,0.17863297",0.86924864,3,2,5,0,1.071771,1.040643,-0.031128,95,90,20008
chen_balanced_r025_t000_A_r9_rep0,chen_balanced_r025_t000,random_delete_5,5,9,500,500,1000,0,low_00,"chen_balanced_r025_t000_e0036,chen_balanced_r025_t000_e0063,chen_balanced_r025_t000_e0006,chen_balanced_r025_t000_e0032,chen_balanced_r025_t000_e0091","2,18,19,8,2","7,12,1,6,19","-1,1,-1,1,1","-0.13130409,0.16873277,-0.13154213,0.11297225,0.10921611",0.65376735,3,2,5,0,1.071771,1.082051,0.01028,95,90,20009
chen_balanced_r025_t000_B_r0_rep0,chen_balanced_r025_t000,target_strongest_5,5,0,500,500,1000,0,low_00,"chen_balanced_r025_t000_e0092,chen_balanced_r025_t000_e0064,chen_balanced_r025_t000_e0056,chen_balanced_r025_t000_e0020,chen_balanced_r025_t000_e0017","12,11,15,14,15","19,12,11,4,3","1,1,-1,-1,1","0.1985405,0.19778743,-0.19671078,-0.19411019,0.1927756",0.9799245,3,2,5,0,1.071771,1.046221,-0.02555,95,90,
chen_balanced_r025_t000_C_r0_rep0,chen_balanced_r025_t000,target_hub_outgoing_5,5,0,500,500,1000,0,low_00,"chen_balanced_r025_t000_e0048,chen_balanced_r025_t000_e0081,chen_balanced_r025_t000_e0001,chen_balanced_r025_t000_e0051,chen_balanced_r025_t000_e0006","19,19,19,19,19","9,17,0,10,1","-1,1,1,-1,-1","-0.17749559,0.14050754,0.11933764,-0.14333287,-0.13154213",0.71221577,2,3,5,0,1.071771,1.051698,-0.020073,95,90,20000
chen_balanced_r025_t000_D_r0_rep0,chen_balanced_r025_t000,target_largest_scc_internal_5,5,0,500,500,1000,0,low_00,"chen_balanced_r025_t000_e0001,chen_balanced_r025_t000_e0050,chen_balanced_r025_t000_e0021,chen_balanced_r025_t000_e0004,chen_balanced_r025_t000_e0078","19,1,16,14,12","0,10,4,1,16","1,-1,-1,1,-1","0.11933764,-0.1586039,-0.15958342,0.12417187,-0.12150096",0.68319779,2,3,5,0,1.071771,1.064246,-0.007525,95,90,20000
chen_balanced_r025_t000_A_r0_rep1,chen_balanced_r025_t000,random_delete_5,5,0,500,500,1000,1,medium_00,"chen_balanced_r025_t000_e0043,chen_balanced_r025_t000_e0053,chen_balanced_r025_t000_e0061,chen_balanced_r025_t000_e0078,chen_balanced_r025_t000_e0024","7,11,1,12,12","8,10,11,16,4","-1,1,-1,-1,-1","-0.17096318,0.17909002,-0.14643568,-0.12150096,-0.1702859",0.78827574,1,4,5,0,1.071771,1.098701,0.02693,95,90,21000
chen_balanced_r025_t000_A_r1_rep1,chen_balanced_r025_t000,random_delete_5,5,1,500,500,1000,1,medium_00,"chen_balanced_r025_t000_e0075,chen_balanced_r025_t000_e0011,chen_balanced_r025_t000_e0046,chen_balanced_r025_t000_e0093,chen_balanced_r025_t000_e0094","2,18,0,7,14","15,2,9,19,19","1,1,1,1,-1","0.18793227,0.11353677,0.18765578,0.15311245,-0.10988938",0.75212665,4,1,5,0,1.071771,1.0252,-0.046571,95,90,21001
chen_balanced_r025_t000_A_r2_rep1,chen_balanced_r025_t000,random_delete_5,5,2,500,500,1000,1,medium_00,"chen_balanced_r025_t000_e0017,chen_balanced_r025_t000_e0027,chen_balanced_r025_t000_e0036,chen_balanced_r025_t000_e0021,chen_balanced_r025_t000_e0028","15,11,2,16,9","3,5,7,4,5","1,-1,-1,-1,-1","0.1927756,-0.10561745,-0.13130409,-0.15958342,-0.12446649",0.71374705,1,4,5,0,1.071771,1.064731,-0.00704,95,90,21002
chen_balanced_r025_t000_A_r3_rep1,chen_balanced_r025_t000,random_delete_5,5,3,500,500,1000,1,medium_00,"chen_balanced_r025_t000_e0050,chen_balanced_r025_t000_e0074,chen_balanced_r025_t000_e0017,chen_balanced_r025_t000_e0001,chen_balanced_r025_t000_e0021","1,1,15,19,16","10,15,3,0,4","-1,-1,1,1,-1","-0.1586039,-0.10065947,0.1927756,0.11933764,-0.15958342",0.73096003,2,3,5,0,1.071771,1.057407,-0.014364,95,90,21003
chen_balanced_r025_t000_A_r4_rep1,chen_balanced_r025_t000,random_delete_5,5,4,500,500,1000,1,medium_00,"chen_balanced_r025_t000_e0021,chen_balanced_r025_t000_e0007,chen_balanced_r025_t000_e0064,chen_balanced_r025_t000_e0004,chen_balanced_r025_t000_e0087","16,16,11,14,13","4,1,12,1,18","-1,1,1,1,-1","-0.15958342,0.14814987,0.19778743,0.12417187,-0.15676526",0.78645785,3,2,5,0,1.071771,1.062736,-0.009035,95,90,21004
chen_balanced_r025_t000_A_r5_rep1,chen_balanced_r025_t000,random_delete_5,5,5,500,500,1000,1,medium_00,"chen_balanced_r025_t000_e0072,chen_balanced_r025_t000_e0044,chen_balanced_r025_t000_e0006,chen_balanced_r025_t000_e0003,chen_balanced_r025_t000_e0079","8,15,19,7,7","14,8,1,1,16","-1,-1,-1,1,-1","-0.11461569,-0.16333427,-0.13154213,0.12577896,-0.13507739",0.67034844,1,4,5,0,1.071771,1.076048,0.004277,95,90,21005
chen_balanced_r025_t000_A_r6_rep1,chen_balanced_r025_t000,random_delete_5,5,6,500,500,1000,1,medium_00,"chen_balanced_r025_t000_e0051,chen_balanced_r025_t000_e0089,chen_balanced_r025_t000_e0030,chen_balanced_r025_t000_e0054,chen_balanced_r025_t000_e0070","19,8,15,13,9","10,18,6,10,14","-1,1,-1,1,-1","-0.14333287,0.10599116,-0.18400719,0.18454048,-0.14531188",0.76318358,2,3,5,0,1.071771,1.066357,-0.005414,95,90,21006
chen_balanced_r025_t000_A_r7_rep1,chen_balanced_r025_t000,random_delete_5,5,7,500,500,1000,1,medium_00,"chen_balanced_r025_t000_e0061,chen_balanced_r025_t000_e0030,chen_balanced_r025_t000_e0037,chen_balanced_r025_t000_e0085,chen_balanced_r025_t000_e0066","1,15,13,14,4","11,6,7,17,12","-1,-1,-1,1,-1","-0.14643568,-0.18400719,-0.11049777,0.18431277,-0.12958235",0.75483576,1,4,5,0,1.071771,1.041227,-0.030544,95,90,21007
chen_balanced_r025_t000_A_r8_rep1,chen_balanced_r025_t000,random_delete_5,5,8,500,500,1000,1,medium_00,"chen_balanced_r025_t000_e0016,chen_balanced_r025_t000_e0067,chen_balanced_r025_t000_e0089,chen_balanced_r025_t000_e0087,chen_balanced_r025_t000_e0030","12,3,8,13,15","3,13,18,18,6","-1,1,1,-1,-1","-0.13077566,0.18836569,0.10599116,-0.15676526,-0.18400719",0.76590496,2,3,5,0,1.071771,1.058929,-0.012842,95,90,21008
chen_balanced_r025_t000_A_r9_rep1,chen_balanced_r025_t000,random_delete_5,5,9,500,500,1000,1,medium_00,"chen_balanced_r025_t000_e0027,chen_balanced_r025_t000_e0036,chen_balanced_r025_t000_e0002,chen_balanced_r025_t000_e0079,chen_balanced_r025_t000_e0090","11,2,11,7,17","5,7,0,16,18","-1,-1,1,-1,1","-0.10561745,-0.13130409,0.18987588,-0.13507739,0.18329504",0.74516985,2,3,5,0,1.071771,1.042895,-0.028876,95,90,21009
chen_balanced_r025_t000_B_r0_rep1,chen_balanced_r025_t000,target_strongest_5,5,0,500,500,1000,1,medium_00,"chen_balanced_r025_t000_e0092,chen_balanced_r025_t000_e0064,chen_balanced_r025_t000_e0056,chen_balanced_r025_t000_e0020,chen_balanced_r025_t000_e0017","12,11,15,14,15","19,12,11,4,3","1,1,-1,-1,1","0.1985405,0.19778743,-0.19671078,-0.19411019,0.1927756",0.9799245,3,2,5,0,1.071771,1.046221,-0.02555,95,90,
chen_balanced_r025_t000_C_r0_rep1,chen_balanced_r025_t000,target_hub_outgoing_5,5,0,500,500,1000,1,medium_00,"chen_balanced_r025_t000_e0048,chen_balanced_r025_t000_e0055,chen_balanced_r025_t000_e0051,chen_balanced_r025_t000_e0081,chen_balanced_r025_t000_e0033","19,19,19,19,19","9,11,10,17,6","-1,1,-1,1,1","-0.17749559,0.10492363,-0.14333287,0.14050754,0.14356802",0.70982765,3,2,5,0,1.071771,1.06118,-0.010591,95,90,21000
chen_balanced_r025_t000_D_r0_rep1,chen_balanced_r025_t000,target_largest_scc_internal_5,5,0,500,500,1000,1,medium_00,"chen_balanced_r025_t000_e0056,chen_balanced_r025_t000_e0030,chen_balanced_r025_t000_e0050,chen_balanced_r025_t000_e0081,chen_balanced_r025_t000_e0088","15,15,1,19,11","11,6,10,17,18","-1,-1,-1,1,-1","-0.19671078,-0.18400719,-0.1586039,0.14050754,-0.16689698",0.84672639,1,4,5,0,1.071771,1.064213,-0.007558,95,90,21000
chen_balanced_r025_t000_A_r0_rep2,chen_balanced_r025_t000,random_delete_5,5,0,500,500,1000,2,high_00,"chen_balanced_r025_t000_e0094,chen_balanced_r025_t000_e0024,chen_balanced_r025_t000_e0013,chen_balanced_r025_t000_e0020,chen_balanced_r025_t000_e0057","14,12,0,14,16","19,4,2,4,11","-1,-1,-1,-1,1","-0.10988938,-0.1702859,-0.18831496,-0.19411019,0.17619601",0.83879644,1,4,5,0,1.071771,1.066761,-0.00501,95,90,22000
chen_balanced_r025_t000_A_r1_rep2,chen_balanced_r025_t000,random_delete_5,5,1,500,500,1000,2,high_00,"chen_balanced_r025_t000_e0037,chen_balanced_r025_t000_e0021,chen_balanced_r025_t000_e0001,chen_balanced_r025_t000_e0073,chen_balanced_r025_t000_e0013","13,16,19,12,0","7,4,0,15,2","-1,-1,1,1,-1","-0.11049777,-0.15958342,0.11933764,0.19091629,-0.18831496",0.76865008,2,3,5,0,1.071771,1.094067,0.022296,95,90,22001
chen_balanced_r025_t000_A_r2_rep2,chen_balanced_r025_t000,random_delete_5,5,2,500,500,1000,2,high_00,"chen_balanced_r025_t000_e0046,chen_balanced_r025_t000_e0040,chen_balanced_r025_t000_e0085,chen_balanced_r025_t000_e0048,chen_balanced_r025_t000_e0054","0,6,14,19,13","9,8,17,9,10","1,1,1,-1,1","0.18765578,0.10172083,0.18431277,-0.17749559,0.18454048",0.83572545,4,1,5,0,1.071771,1.045487,-0.026284,95,90,22002
chen_balanced_r025_t000_A_r3_rep2,chen_balanced_r025_t000,random_delete_5,5,3,500,500,1000,2,high_00,"chen_balanced_r025_t000_e0001,chen_balanced_r025_t000_e0064,chen_balanced_r025_t000_e0087,chen_balanced_r025_t000_e0060,chen_balanced_r025_t000_e0068","19,11,13,18,14","0,12,18,11,13","1,1,-1,1,1","0.11933764,0.19778743,-0.15676526,0.18921685,0.18381453",0.84692171,4,1,5,0,1.071771,1.07472,0.002949,95,90,22003
chen_balanced_r025_t000_A_r4_rep2,chen_balanced_r025_t000,random_delete_5,5,4,500,500,1000,2,high_00,"chen_balanced_r025_t000_e0013,chen_balanced_r025_t000_e0012,chen_balanced_r025_t000_e0002,chen_balanced_r025_t000_e0092,chen_balanced_r025_t000_e0028","0,17,11,12,9","2,2,0,19,5","-1,-1,1,1,-1","-0.18831496,-0.15691399,0.18987588,0.1985405,-0.12446649",0.85811182,2,3,5,0,1.071771,1.050301,-0.02147,95,90,22004
chen_balanced_r025_t000_A_r5_rep2,chen_balanced_r025_t000,random_delete_5,5,5,500,500,1000,2,high_00,"chen_balanced_r025_t000_e0049,chen_balanced_r025_t000_e0069,chen_balanced_r025_t000_e0085,chen_balanced_r025_t000_e0092,chen_balanced_r025_t000_e0020","8,12,14,12,14","10,14,17,19,4","-1,1,1,1,-1","-0.12323217,0.14544963,0.18431277,0.1985405,-0.19411019",0.84564526,3,2,5,0,1.071771,1.063573,-0.008198,95,90,22005
chen_balanced_r025_t000_A_r6_rep2,chen_balanced_r025_t000,random_delete_5,5,6,500,500,1000,2,high_00,"chen_balanced_r025_t000_e0020,chen_balanced_r025_t000_e0067,chen_balanced_r025_t000_e0043,chen_balanced_r025_t000_e0071,chen_balanced_r025_t000_e0029","14,3,7,18,8","4,13,8,14,5","-1,1,-1,-1,1","-0.19411019,0.18836569,-0.17096318,-0.11657427,0.14937414",0.81938747,2,3,5,0,1.071771,1.05295,-0.018821,95,90,22006
chen_balanced_r025_t000_A_r7_rep2,chen_balanced_r025_t000,random_delete_5,5,7,500,500,1000,2,high_00,"chen_balanced_r025_t000_e0044,chen_balanced_r025_t000_e0045,chen_balanced_r025_t000_e0004,chen_balanced_r025_t000_e0064,chen_balanced_r025_t000_e0008","15,4,14,11,4","8,9,1,12,2","-1,1,1,1,1","-0.16333427,0.11351001,0.12417187,0.19778743,0.19247988",0.79128346,4,1,5,0,1.071771,1.042106,-0.029665,95,90,22007
chen_balanced_r025_t000_A_r8_rep2,chen_balanced_r025_t000,random_delete_5,5,8,500,500,1000,2,high_00,"chen_balanced_r025_t000_e0020,chen_balanced_r025_t000_e0092,chen_balanced_r025_t000_e0022,chen_balanced_r025_t000_e0073,chen_balanced_r025_t000_e0056","14,12,5,12,15","4,19,4,15,11","-1,1,1,1,-1","-0.19411019,0.1985405,0.18002822,0.19091629,-0.19671078",0.96030598,3,2,5,0,1.071771,1.045017,-0.026754,95,90,22008
chen_balanced_r025_t000_A_r9_rep2,chen_balanced_r025_t000,random_delete_5,5,9,500,500,1000,2,high_00,"chen_balanced_r025_t000_e0005,chen_balanced_r025_t000_e0026,chen_balanced_r025_t000_e0076,chen_balanced_r025_t000_e0040,chen_balanced_r025_t000_e0065","3,10,13,6,13","1,5,16,8,12","1,1,-1,1,-1","0.14328195,0.15381826,-0.11988284,0.10172083,-0.13660967",0.65531355,3,2,5,0,1.071771,1.066281,-0.00549,95,90,22009
chen_balanced_r025_t000_B_r0_rep2,chen_balanced_r025_t000,target_strongest_5,5,0,500,500,1000,2,high_00,"chen_balanced_r025_t000_e0092,chen_balanced_r025_t000_e0064,chen_balanced_r025_t000_e0056,chen_balanced_r025_t000_e0020,chen_balanced_r025_t000_e0017","12,11,15,14,15","19,12,11,4,3","1,1,-1,-1,1","0.1985405,0.19778743,-0.19671078,-0.19411019,0.1927756",0.9799245,3,2,5,0,1.071771,1.046221,-0.02555,95,90,
chen_balanced_r025_t000_C_r0_rep2,chen_balanced_r025_t000,target_hub_outgoing_5,5,0,500,500,1000,2,high_00,"chen_balanced_r025_t000_e0048,chen_balanced_r025_t000_e0006,chen_balanced_r025_t000_e0010,chen_balanced_r025_t000_e0055,chen_balanced_r025_t000_e0051","19,19,19,19,19","9,1,2,11,10","-1,-1,-1,1,-1","-0.17749559,-0.13154213,-0.12292273,0.10492363,-0.14333287",0.68021695,1,4,5,0,1.071771,1.059109,-0.012662,95,90,22000
chen_balanced_r025_t000_D_r0_rep2,chen_balanced_r025_t000,target_largest_scc_internal_5,5,0,500,500,1000,2,high_00,"chen_balanced_r025_t000_e0009,chen_balanced_r025_t000_e0084,chen_balanced_r025_t000_e0066,chen_balanced_r025_t000_e0000,chen_balanced_r025_t000_e0023","10,4,4,12,18","2,17,12,0,4","1,1,-1,-1,-1","0.18268463,0.17385766,-0.12958235,-0.19120858,-0.14976811",0.82710133,2,3,5,0,1.071771,1.10143,0.029659,95,90,22000
chen_balanced_r025_t000_A_r0_rep3,chen_balanced_r025_t000,random_delete_5,5,0,500,500,1000,3,sparse_00,"chen_balanced_r025_t000_e0072,chen_balanced_r025_t000_e0067,chen_balanced_r025_t000_e0029,chen_balanced_r025_t000_e0049,chen_balanced_r025_t000_e0091","8,3,8,8,2","14,13,5,10,19","-1,1,1,-1,1","-0.11461569,0.18836569,0.14937414,-0.12323217,0.10921611",0.6848038,3,2,5,0,1.071771,1.094892,0.023121,95,90,23000
chen_balanced_r025_t000_A_r1_rep3,chen_balanced_r025_t000,random_delete_5,5,1,500,500,1000,3,sparse_00,"chen_balanced_r025_t000_e0035,chen_balanced_r025_t000_e0037,chen_balanced_r025_t000_e0082,chen_balanced_r025_t000_e0026,chen_balanced_r025_t000_e0029","14,13,13,10,8","6,7,17,5,5","-1,-1,-1,1,1","-0.10244693,-0.11049777,-0.13692072,0.15381826,0.14937414",0.65305782,2,3,5,0,1.071771,1.060771,-0.011,95,90,23001
chen_balanced_r025_t000_A_r2_rep3,chen_balanced_r025_t000,random_delete_5,5,2,500,500,1000,3,sparse_00,"chen_balanced_r025_t000_e0025,chen_balanced_r025_t000_e0012,chen_balanced_r025_t000_e0084,chen_balanced_r025_t000_e0008,chen_balanced_r025_t000_e0052","14,17,4,4,6","5,2,17,2,10","-1,-1,1,1,-1","-0.10139876,-0.15691399,0.17385766,0.19247988,-0.13409947",0.75874976,2,3,5,0,1.071771,1.050261,-0.02151,95,90,23002
chen_balanced_r025_t000_A_r3_rep3,chen_balanced_r025_t000,random_delete_5,5,3,500,500,1000,3,sparse_00,"chen_balanced_r025_t000_e0042,chen_balanced_r025_t000_e0092,chen_balanced_r025_t000_e0090,chen_balanced_r025_t000_e0035,chen_balanced_r025_t000_e0040","14,12,17,14,6","8,19,18,6,8","1,1,1,-1,1","0.1671356,0.1985405,0.18329504,-0.10244693,0.10172083",0.7531389,4,1,5,0,1.071771,1.068499,-0.003272,95,90,23003
chen_balanced_r025_t000_A_r4_rep3,chen_balanced_r025_t000,random_delete_5,5,4,500,500,1000,3,sparse_00,"chen_balanced_r025_t000_e0049,chen_balanced_r025_t000_e0051,chen_balanced_r025_t000_e0056,chen_balanced_r025_t000_e0040,chen_balanced_r025_t000_e0094","8,19,15,6,14","10,10,11,8,19","-1,-1,-1,1,-1","-0.12323217,-0.14333287,-0.19671078,0.10172083,-0.10988938",0.67488603,1,4,5,0,1.071771,1.067552,-0.004219,95,90,23004
chen_balanced_r025_t000_A_r5_rep3,chen_balanced_r025_t000,random_delete_5,5,5,500,500,1000,3,sparse_00,"chen_balanced_r025_t000_e0014,chen_balanced_r025_t000_e0075,chen_balanced_r025_t000_e0077,chen_balanced_r025_t000_e0021,chen_balanced_r025_t000_e0056","1,2,15,16,15","2,15,16,4,11","1,1,-1,-1,-1","0.16961461,0.18793227,-0.17878682,-0.15958342,-0.19671078",0.8926279,2,3,5,0,1.071771,1.075818,0.004047,95,90,23005
chen_balanced_r025_t000_A_r6_rep3,chen_balanced_r025_t000,random_delete_5,5,6,500,500,1000,3,sparse_00,"chen_balanced_r025_t000_e0082,chen_balanced_r025_t000_e0002,chen_balanced_r025_t000_e0042,chen_balanced_r025_t000_e0091,chen_balanced_r025_t000_e0045","13,11,14,2,4","17,0,8,19,9","-1,1,1,1,1","-0.13692072,0.18987588,0.1671356,0.10921611,0.11351001",0.71665832,4,1,5,0,1.071771,1.08536,0.013589,95,90,23006
chen_balanced_r025_t000_A_r7_rep3,chen_balanced_r025_t000,random_delete_5,5,7,500,500,1000,3,sparse_00,"chen_balanced_r025_t000_e0001,chen_balanced_r025_t000_e0085,chen_balanced_r025_t000_e0028,chen_balanced_r025_t000_e0067,chen_balanced_r025_t000_e0075","19,14,9,3,2","0,17,5,13,15","1,1,-1,1,1","0.11933764,0.18431277,-0.12446649,0.18836569,0.18793227",0.80441486,4,1,5,0,1.071771,1.073161,0.00139,95,90,23007
chen_balanced_r025_t000_A_r8_rep3,chen_balanced_r025_t000,random_delete_5,5,8,500,500,1000,3,sparse_00,"chen_balanced_r025_t000_e0025,chen_balanced_r025_t000_e0014,chen_balanced_r025_t000_e0086,chen_balanced_r025_t000_e0058,chen_balanced_r025_t000_e0020","14,1,2,6,14","5,2,17,11,4","-1,1,-1,-1,-1","-0.10139876,0.16961461,-0.18860824,-0.10971998,-0.19411019",0.76345178,1,4,5,0,1.071771,1.041384,-0.030387,95,90,23008
chen_balanced_r025_t000_A_r9_rep3,chen_balanced_r025_t000,random_delete_5,5,9,500,500,1000,3,sparse_00,"chen_balanced_r025_t000_e0060,chen_balanced_r025_t000_e0033,chen_balanced_r025_t000_e0016,chen_balanced_r025_t000_e0018,chen_balanced_r025_t000_e0094","18,19,12,13,14","11,6,3,3,19","1,1,-1,-1,-1","0.18921685,0.14356802,-0.13077566,-0.14209495,-0.10988938",0.71554486,2,3,5,0,1.071771,1.049695,-0.022076,95,90,23009
chen_balanced_r025_t000_B_r0_rep3,chen_balanced_r025_t000,target_strongest_5,5,0,500,500,1000,3,sparse_00,"chen_balanced_r025_t000_e0092,chen_balanced_r025_t000_e0064,chen_balanced_r025_t000_e0056,chen_balanced_r025_t000_e0020,chen_balanced_r025_t000_e0017","12,11,15,14,15","19,12,11,4,3","1,1,-1,-1,1","0.1985405,0.19778743,-0.19671078,-0.19411019,0.1927756",0.9799245,3,2,5,0,1.071771,1.046221,-0.02555,95,90,
chen_balanced_r025_t000_C_r0_rep3,chen_balanced_r025_t000,target_hub_outgoing_5,5,0,500,500,1000,3,sparse_00,"chen_balanced_r025_t000_e0051,chen_balanced_r025_t000_e0081,chen_balanced_r025_t000_e0001,chen_balanced_r025_t000_e0048,chen_balanced_r025_t000_e0006","19,19,19,19,19","10,17,0,9,1","-1,1,1,-1,-1","-0.14333287,0.14050754,0.11933764,-0.17749559,-0.13154213",0.71221577,2,3,5,0,1.071771,1.051698,-0.020073,95,90,23000
chen_balanced_r025_t000_D_r0_rep3,chen_balanced_r025_t000,target_largest_scc_internal_5,5,0,500,500,1000,3,sparse_00,"chen_balanced_r025_t000_e0084,chen_balanced_r025_t000_e0088,chen_balanced_r025_t000_e0019,chen_balanced_r025_t000_e0076,chen_balanced_r025_t000_e0086","4,11,17,13,2","17,18,4,16,17","1,-1,1,-1,-1","0.17385766,-0.16689698,0.10169159,-0.11988284,-0.18860824",0.75093731,2,3,5,0,1.071771,1.078519,0.006748,95,90,23000
chen_balanced_r025_t000_A_r0_rep4,chen_balanced_r025_t000,random_delete_5,5,0,500,500,1000,4,low_01,"chen_balanced_r025_t000_e0062,chen_balanced_r025_t000_e0023,chen_balanced_r025_t000_e0019,chen_balanced_r025_t000_e0030,chen_balanced_r025_t000_e0075","5,18,17,15,2","11,4,4,6,15","1,-1,1,-1,1","0.17863297,-0.14976811,0.10169159,-0.18400719,0.18793227",0.80203213,3,2,5,0,1.071771,1.066436,-0.005335,95,90,24000
chen_balanced_r025_t000_A_r1_rep4,chen_balanced_r025_t000,random_delete_5,5,1,500,500,1000,4,low_01,"chen_balanced_r025_t000_e0024,chen_balanced_r025_t000_e0073,chen_balanced_r025_t000_e0028,chen_balanced_r025_t000_e0048,chen_balanced_r025_t000_e0047","12,12,9,19,1","4,15,5,9,9","-1,1,-1,-1,-1","-0.1702859,0.19091629,-0.12446649,-0.17749559,-0.16257589",0.82574016,1,4,5,0,1.071771,1.111466,0.039695,95,90,24001
chen_balanced_r025_t000_A_r2_rep4,chen_balanced_r025_t000,random_delete_5,5,2,500,500,1000,4,low_01,"chen_balanced_r025_t000_e0041,chen_balanced_r025_t000_e0053,chen_balanced_r025_t000_e0006,chen_balanced_r025_t000_e0025,chen_balanced_r025_t000_e0057","9,11,19,14,16","8,10,1,5,11","1,1,-1,-1,1","0.13853505,0.17909002,-0.13154213,-0.10139876,0.17619601",0.72676197,3,2,5,0,1.071771,1.064013,-0.007758,95,90,24002
chen_balanced_r025_t000_A_r3_rep4,chen_balanced_r025_t000,random_delete_5,5,3,500,500,1000,4,low_01,"chen_balanced_r025_t000_e0044,chen_balanced_r025_t000_e0056,chen_balanced_r025_t000_e0084,chen_balanced_r025_t000_e0028,chen_balanced_r025_t000_e0023","15,15,4,9,18","8,11,17,5,4","-1,-1,1,-1,-1","-0.16333427,-0.19671078,0.17385766,-0.12446649,-0.14976811",0.80813731,1,4,5,0,1.071771,1.0754,0.003629,95,90,24003
chen_balanced_r025_t000_A_r4_rep4,chen_balanced_r025_t000,random_delete_5,5,4,500,500,1000,4,low_01,"chen_balanced_r025_t000_e0012,chen_balanced_r025_t000_e0024,chen_balanced_r025_t000_e0003,chen_balanced_r025_t000_e0050,chen_balanced_r025_t000_e0026","17,12,7,1,10","2,4,1,10,5","-1,-1,1,-1,1","-0.15691399,-0.1702859,0.12577896,-0.1586039,0.15381826",0.76540101,2,3,5,0,1.071771,1.061175,-0.010596,95,90,24004
chen_balanced_r025_t000_A_r5_rep4,chen_balanced_r025_t000,random_delete_5,5,5,500,500,1000,4,low_01,"chen_balanced_r025_t000_e0018,chen_balanced_r025_t000_e0072,chen_balanced_r025_t000_e0015,chen_balanced_r025_t000_e0023,chen_balanced_r025_t000_e0071","13,8,8,18,18","3,14,3,4,14","-1,-1,1,-1,-1","-0.14209495,-0.11461569,0.15576646,-0.14976811,-0.11657427",0.67881948,1,4,5,0,1.071771,1.066812,-0.004959,95,90,24005
chen_balanced_r025_t000_A_r6_rep4,chen_balanced_r025_t000,random_delete_5,5,6,500,500,1000,4,low_01,"chen_balanced_r025_t000_e0082,chen_balanced_r025_t000_e0034,chen_balanced_r025_t000_e0083,chen_balanced_r025_t000_e0043,chen_balanced_r025_t000_e0025","13,10,0,7,14","17,6,17,8,5","-1,-1,1,-1,-1","-0.13692072,-0.11551681,0.1384055,-0.17096318,-0.10139876",0.66320497,1,4,5,0,1.071771,1.035773,-0.035998,95,90,24006
chen_balanced_r025_t000_A_r7_rep4,chen_balanced_r025_t000,random_delete_5,5,7,500,500,1000,4,low_01,"chen_balanced_r025_t000_e0020,chen_balanced_r025_t000_e0018,chen_balanced_r025_t000_e0039,chen_balanced_r025_t000_e0024,chen_balanced_r025_t000_e0052","14,13,1,12,6","4,3,7,4,10","-1,-1,-1,-1,-1","-0.19411019,-0.14209495,-0.19235726,-0.1702859,-0.13409947",0.83294777,0,5,5,0,1.071771,1.045418,-0.026353,95,90,24007
chen_balanced_r025_t000_A_r8_rep4,chen_balanced_r025_t000,random_delete_5,5,8,500,500,1000,4,low_01,"chen_balanced_r025_t000_e0009,chen_balanced_r025_t000_e0092,chen_balanced_r025_t000_e0063,chen_balanced_r025_t000_e0039,chen_balanced_r025_t000_e0083","10,12,18,1,0","2,19,12,7,17","1,1,1,-1,1","0.18268463,0.1985405,0.16873277,-0.19235726,0.1384055",0.88072066,4,1,5,0,1.071771,1.05637,-0.015401,95,90,24008
chen_balanced_r025_t000_A_r9_rep4,chen_balanced_r025_t000,random_delete_5,5,9,500,500,1000,4,low_01,"chen_balanced_r025_t000_e0090,chen_balanced_r025_t000_e0002,chen_balanced_r025_t000_e0011,chen_balanced_r025_t000_e0014,chen_balanced_r025_t000_e0061","17,11,18,1,1","18,0,2,2,11","1,1,1,1,-1","0.18329504,0.18987588,0.11353677,0.16961461,-0.14643568",0.80275798,4,1,5,0,1.071771,1.037099,-0.034672,95,90,24009
chen_balanced_r025_t000_B_r0_rep4,chen_balanced_r025_t000,target_strongest_5,5,0,500,500,1000,4,low_01,"chen_balanced_r025_t000_e0092,chen_balanced_r025_t000_e0064,chen_balanced_r025_t000_e0056,chen_balanced_r025_t000_e0020,chen_balanced_r025_t000_e0017","12,11,15,14,15","19,12,11,4,3","1,1,-1,-1,1","0.1985405,0.19778743,-0.19671078,-0.19411019,0.1927756",0.9799245,3,2,5,0,1.071771,1.046221,-0.02555,95,90,
chen_balanced_r025_t000_C_r0_rep4,chen_balanced_r025_t000,target_hub_outgoing_5,5,0,500,500,1000,4,low_01,"chen_balanced_r025_t000_e0010,chen_balanced_r025_t000_e0051,chen_balanced_r025_t000_e0055,chen_balanced_r025_t000_e0081,chen_balanced_r025_t000_e0048","19,19,19,19,19","2,10,11,17,9","-1,-1,1,1,-1","-0.12292273,-0.14333287,0.10492363,0.14050754,-0.17749559",0.68918236,2,3,5,0,1.071771,1.05374,-0.018031,95,90,24000
chen_balanced_r025_t000_D_r0_rep4,chen_balanced_r025_t000,target_largest_scc_internal_5,5,0,500,500,1000,4,low_01,"chen_balanced_r025_t000_e0023,chen_balanced_r025_t000_e0050,chen_balanced_r025_t000_e0008,chen_balanced_r025_t000_e0072,chen_balanced_r025_t000_e0071","18,1,4,8,18","4,10,2,14,14","-1,-1,1,-1,-1","-0.14976811,-0.1586039,0.19247988,-0.11461569,-0.11657427",0.73204185,1,4,5,0,1.071771,1.061168,-0.010603,95,90,24000
chen_balanced_r025_t005_A_r0_rep0,chen_balanced_r025_t005,random_delete_5,5,0,500,500,1000,0,low_00,"chen_balanced_r025_t005_e0060,chen_balanced_r025_t005_e0061,chen_balanced_r025_t005_e0027,chen_balanced_r025_t005_e0057,chen_balanced_r025_t005_e0080","6,18,3,19,11","13,13,7,13,16","1,1,-1,1,1","0.13791095,0.15953283,-0.10680059,0.18916355,0.15766456",0.75107248,4,1,5,0,1.084831,1.125057,0.040226,95,90,30000
chen_balanced_r025_t005_A_r1_rep0,chen_balanced_r025_t005,random_delete_5,5,1,500,500,1000,0,low_00,"chen_balanced_r025_t005_e0071,chen_balanced_r025_t005_e0094,chen_balanced_r025_t005_e0080,chen_balanced_r025_t005_e0033,chen_balanced_r025_t005_e0024","5,10,11,7,0","15,19,16,8,6","1,1,1,1,1","0.13573516,0.14980119,0.15766456,0.1094943,0.19630506",0.74900027,5,0,5,0,1.084831,1.085548,0.000717,95,90,30001
chen_balanced_r025_t005_A_r2_rep0,chen_balanced_r025_t005,random_delete_5,5,2,500,500,1000,0,low_00,"chen_balanced_r025_t005_e0092,chen_balanced_r025_t005_e0050,chen_balanced_r025_t005_e0032,chen_balanced_r025_t005_e0076,chen_balanced_r025_t005_e0073","4,9,18,0,12","19,12,8,16,15","1,-1,-1,1,-1","0.11423583,-0.11706214,-0.11813762,0.12066814,-0.15533964",0.62544337,2,3,5,0,1.084831,1.093591,0.00876,95,90,30002
chen_balanced_r025_t005_A_r3_rep0,chen_balanced_r025_t005,random_delete_5,5,3,500,500,1000,0,low_00,"chen_balanced_r025_t005_e0060,chen_balanced_r025_t005_e0082,chen_balanced_r025_t005_e0068,chen_balanced_r025_t005_e0067,chen_balanced_r025_t005_e0006","6,14,18,1,17","13,16,14,14,1","1,-1,1,1,1","0.13791095,-0.11685315,0.10536753,0.18429307,0.10595762",0.65038232,4,1,5,0,1.084831,1.055903,-0.028928,95,90,30003
chen_balanced_r025_t005_A_r4_rep0,chen_balanced_r025_t005,random_delete_5,5,4,500,500,1000,0,low_00,"chen_balanced_r025_t005_e0056,chen_balanced_r025_t005_e0015,chen_balanced_r025_t005_e0075,chen_balanced_r025_t005_e0053,chen_balanced_r025_t005_e0017","5,10,1,5,7","13,4,15,12,4","-1,1,-1,-1,-1","-0.14737208,0.14260528,-0.17506217,-0.15894252,-0.19812046",0.82210251,1,4,5,0,1.084831,1.074999,-0.009832,95,90,30004
chen_balanced_r025_t005_A_r5_rep0,chen_balanced_r025_t005,random_delete_5,5,5,500,500,1000,0,low_00,"chen_balanced_r025_t005_e0045,chen_balanced_r025_t005_e0069,chen_balanced_r025_t005_e0092,chen_balanced_r025_t005_e0027,chen_balanced_r025_t005_e0049","5,13,4,3,17","10,14,19,7,12","-1,1,1,-1,-1","-0.17402394,0.18030163,0.11423583,-0.10680059,-0.16932361",0.7446856,2,3,5,0,1.084831,1.082494,-0.002337,95,90,30005
chen_balanced_r025_t005_A_r6_rep0,chen_balanced_r025_t005,random_delete_5,5,6,500,500,1000,0,low_00,"chen_balanced_r025_t005_e0031,chen_balanced_r025_t005_e0090,chen_balanced_r025_t005_e0009,chen_balanced_r025_t005_e0051,chen_balanced_r025_t005_e0002","9,0,5,7,8","7,19,2,12,1","-1,1,1,-1,1","-0.18094183,0.13161739,0.12016343,-0.12820274,0.11030148",0.67122687,3,2,5,0,1.084831,1.05207,-0.032761,95,90,30006
chen_balanced_r025_t005_A_r7_rep0,chen_balanced_r025_t005,random_delete_5,5,7,500,500,1000,0,low_00,"chen_balanced_r025_t005_e0004,chen_balanced_r025_t005_e0089,chen_balanced_r025_t005_e0084,chen_balanced_r025_t005_e0058,chen_balanced_r025_t005_e0026","11,14,7,2,16","1,19,17,13,6","-1,-1,-1,-1,1","-0.13834259,-0.16683704,-0.16749038,-0.12382716,0.15249498",0.74899215,1,4,5,0,1.084831,1.093766,0.008935,95,90,30007
chen_balanced_r025_t005_A_r8_rep0,chen_balanced_r025_t005,random_delete_5,5,8,500,500,1000,0,low_00,"chen_balanced_r025_t005_e0040,chen_balanced_r025_t005_e0047,chen_balanced_r025_t005_e0055,chen_balanced_r025_t005_e0081,chen_balanced_r025_t005_e0035","15,5,7,9,1","10,11,13,16,8","1,1,1,1,-1","0.10515764,0.11556979,0.11539442,0.11801093,-0.16397569",0.61810847,4,1,5,0,1.084831,1.079736,-0.005095,95,90,30008
chen_balanced_r025_t005_A_r9_rep0,chen_balanced_r025_t005,random_delete_5,5,9,500,500,1000,0,low_00,"chen_balanced_r025_t005_e0021,chen_balanced_r025_t005_e0019,chen_balanced_r025_t005_e0037,chen_balanced_r025_t005_e0073,chen_balanced_r025_t005_e0040","7,12,16,12,15","5,4,8,15,10","-1,1,-1,-1,1","-0.14933371,0.10101556,-0.12725672,-0.15533964,0.10515764",0.63810327,2,3,5,0,1.084831,1.064676,-0.020155,95,90,30009
chen_balanced_r025_t005_B_r0_rep0,chen_balanced_r025_t005,target_strongest_5,5,0,500,500,1000,0,low_00,"chen_balanced_r025_t005_e0063,chen_balanced_r025_t005_e0017,chen_balanced_r025_t005_e0016,chen_balanced_r025_t005_e0024,chen_balanced_r025_t005_e0039","14,7,13,0,14","13,4,4,6,9","1,-1,-1,1,-1","0.19862271,-0.19812046,-0.19649378,0.19630506,-0.19506336",0.98460537,2,3,5,0,1.084831,1.003368,-0.081463,95,90,
chen_balanced_r025_t005_C_r0_rep0,chen_balanced_r025_t005,target_hub_outgoing_5,5,0,500,500,1000,0,low_00,"chen_balanced_r025_t005_e0017,chen_balanced_r025_t005_e0033,chen_balanced_r025_t005_e0011,chen_balanced_r025_t005_e0021,chen_balanced_r025_t005_e0051","7,7,7,7,7","4,8,2,5,12","-1,1,1,-1,-1","-0.19812046,0.1094943,0.16759106,-0.14933371,-0.12820274",0.75274227,2,3,5,0,1.084831,1.049777,-0.035054,95,90,30000
chen_balanced_r025_t005_D_r0_rep0,chen_balanced_r025_t005,target_largest_scc_internal_5,5,0,500,500,1000,0,low_00,"chen_balanced_r025_t005_e0057,chen_balanced_r025_t005_e0028,chen_balanced_r025_t005_e0091,chen_balanced_r025_t005_e0026,chen_balanced_r025_t005_e0055","19,18,5,16,7","13,7,19,6,13","1,-1,-1,1,1","0.18916355,-0.17532471,-0.11783577,0.15249498,0.11539442",0.75021343,3,2,5,0,1.084831,1.050985,-0.033846,95,90,30000
chen_repression_biased_r025_t001_A_r0_rep0,chen_repression_biased_r025_t001,random_delete_5,5,0,500,500,1000,0,sparse_00,"chen_repression_biased_r025_t001_e0019,chen_repression_biased_r025_t001_e0022,chen_repression_biased_r025_t001_e0091,chen_repression_biased_r025_t001_e0076,chen_repression_biased_r025_t001_e0054","16,17,12,7,1","5,5,19,16,12","1,-1,-1,-1,1","0.18780742,-0.19296054,-0.12486247,-0.18353153,0.17928016",0.86844212,2,3,5,0,1.129024,1.106561,-0.022463,95,90,40000
chen_repression_biased_r025_t001_A_r1_rep0,chen_repression_biased_r025_t001,random_delete_5,5,1,500,500,1000,0,sparse_00,"chen_repression_biased_r025_t001_e0036,chen_repression_biased_r025_t001_e0009,chen_repression_biased_r025_t001_e0056,chen_repression_biased_r025_t001_e0079,chen_repression_biased_r025_t001_e0005","13,4,16,15,18","8,2,12,16,2","1,-1,-1,-1,1","0.12587883,-0.13771678,-0.13770038,-0.15294778,0.15202616",0.70626993,2,3,5,0,1.129024,1.118525,-0.010499,95,90,40001
chen_repression_biased_r025_t001_A_r2_rep0,chen_repression_biased_r025_t001,random_delete_5,5,2,500,500,1000,0,sparse_00,"chen_repression_biased_r025_t001_e0019,chen_repression_biased_r025_t001_e0011,chen_repression_biased_r025_t001_e0043,chen_repression_biased_r025_t001_e0075,chen_repression_biased_r025_t001_e0073","16,6,10,12,2","5,3,9,16,15","1,1,-1,1,-1","0.18780742,0.17134598,-0.10717467,0.13029522,-0.10349554",0.70011883,3,2,5,0,1.129024,1.062097,-0.066927,95,90,40002
chen_repression_biased_r025_t001_A_r3_rep0,chen_repression_biased_r025_t001,random_delete_5,5,3,500,500,1000,0,sparse_00,"chen_repression_biased_r025_t001_e0086,chen_repression_biased_r025_t001_e0035,chen_repression_biased_r025_t001_e0061,chen_repression_biased_r025_t001_e0006,chen_repression_biased_r025_t001_e0074","8,14,4,16,9","18,8,13,2,16","-1,-1,-1,-1,-1","-0.135096,-0.14760678,-0.14290342,-0.19635262,-0.13420516",0.75616398,0,5,5,0,1.129024,1.114048,-0.014976,95,90,40003
chen_repression_biased_r025_t001_A_r4_rep0,chen_repression_biased_r025_t001,random_delete_5,5,4,500,500,1000,0,sparse_00,"chen_repression_biased_r025_t001_e0026,chen_repression_biased_r025_t001_e0090,chen_repression_biased_r025_t001_e0024,chen_repression_biased_r025_t001_e0056,chen_repression_biased_r025_t001_e0089","5,16,4,16,14","6,19,6,12,18","1,-1,-1,-1,-1","0.19705501,-0.14739904,-0.14029493,-0.13770038,-0.13715853",0.75960789,1,4,5,0,1.129024,1.131168,0.002144,95,90,40004
chen_repression_biased_r025_t001_A_r5_rep0,chen_repression_biased_r025_t001,random_delete_5,5,5,500,500,1000,0,sparse_00,"chen_repression_biased_r025_t001_e0060,chen_repression_biased_r025_t001_e0045,chen_repression_biased_r025_t001_e0063,chen_repression_biased_r025_t001_e0026,chen_repression_biased_r025_t001_e0042","2,18,18,5,5","13,9,13,6,9","-1,-1,1,1,1","-0.18757121,-0.15413311,0.16679347,0.19705501,0.17662489",0.88217769,3,2,5,0,1.129024,1.143561,0.014537,95,90,40005
chen_repression_biased_r025_t001_A_r6_rep0,chen_repression_biased_r025_t001,random_delete_5,5,6,500,500,1000,0,sparse_00,"chen_repression_biased_r025_t001_e0024,chen_repression_biased_r025_t001_e0087,chen_repression_biased_r025_t001_e0053,chen_repression_biased_r025_t001_e0049,chen_repression_biased_r025_t001_e0064","4,17,1,14,9","6,18,11,10,13","-1,-1,-1,-1,1","-0.14029493,-0.15296996,-0.13102199,-0.19813171,0.16212577",0.78454436,1,4,5,0,1.129024,1.125238,-0.003786,95,90,40006
chen_repression_biased_r025_t001_A_r7_rep0,chen_repression_biased_r025_t001,random_delete_5,5,7,500,500,1000,0,sparse_00,"chen_repression_biased_r025_t001_e0053,chen_repression_biased_r025_t001_e0009,chen_repression_biased_r025_t001_e0064,chen_repression_biased_r025_t001_e0090,chen_repression_biased_r025_t001_e0050","1,4,9,16,12","11,2,13,19,10","-1,-1,1,-1,1","-0.13102199,-0.13771678,0.16212577,-0.14739904,0.13099974",0.70926332,2,3,5,0,1.129024,1.121413,-0.007611,95,90,40007
chen_repression_biased_r025_t001_A_r8_rep0,chen_repression_biased_r025_t001,random_delete_5,5,8,500,500,1000,0,sparse_00,"chen_repression_biased_r025_t001_e0070,chen_repression_biased_r025_t001_e0046,chen_repression_biased_r025_t001_e0034,chen_repression_biased_r025_t001_e0060,chen_repression_biased_r025_t001_e0076","2,6,4,2,7","14,10,8,13,16","1,1,-1,-1,-1","0.10597743,0.13334427,-0.16975578,-0.18757121,-0.18353153",0.78018022,2,3,5,0,1.129024,1.126985,-0.002039,95,90,40008
chen_repression_biased_r025_t001_A_r9_rep0,chen_repression_biased_r025_t001,random_delete_5,5,9,500,500,1000,0,sparse_00,"chen_repression_biased_r025_t001_e0085,chen_repression_biased_r025_t001_e0058,chen_repression_biased_r025_t001_e0029,chen_repression_biased_r025_t001_e0057,chen_repression_biased_r025_t001_e0024","12,9,16,15,4","18,12,7,12,6","-1,-1,-1,-1,-1","-0.15961999,-0.13136358,-0.11365289,-0.15976656,-0.14029493",0.70469795,0,5,5,0,1.129024,1.118397,-0.010627,95,90,40009
chen_repression_biased_r025_t001_B_r0_rep0,chen_repression_biased_r025_t001,target_strongest_5,5,0,500,500,1000,0,sparse_00,"chen_repression_biased_r025_t001_e0049,chen_repression_biased_r025_t001_e0031,chen_repression_biased_r025_t001_e0077,chen_repression_biased_r025_t001_e0026,chen_repression_biased_r025_t001_e0006","14,17,10,5,16","10,7,16,6,2","-1,1,-1,1,-1","-0.19813171,0.19760328,-0.19754523,0.19705501,-0.19635262",0.98668785,2,3,5,0,1.129024,1.096989,-0.032035,95,90,
chen_repression_biased_r025_t001_C_r0_rep0,chen_repression_biased_r025_t001,target_hub_outgoing_5,5,0,500,500,1000,0,sparse_00,"chen_repression_biased_r025_t001_e0056,chen_repression_biased_r025_t001_e0083,chen_repression_biased_r025_t001_e0019,chen_repression_biased_r025_t001_e0029,chen_repression_biased_r025_t001_e0037","16,16,16,16,16","12,17,5,7,8","-1,1,1,-1,1","-0.13770038,0.16739041,0.18780742,-0.11365289,0.16800107",0.77455217,3,2,5,0,1.129024,1.116313,-0.012711,95,90,40000
chen_repression_biased_r025_t001_D_r0_rep0,chen_repression_biased_r025_t001,target_largest_scc_internal_5,5,0,500,500,1000,0,sparse_00,"chen_repression_biased_r025_t001_e0021,chen_repression_biased_r025_t001_e0073,chen_repression_biased_r025_t001_e0035,chen_repression_biased_r025_t001_e0076,chen_repression_biased_r025_t001_e0079","0,2,14,7,15","5,15,8,16,16","1,-1,-1,-1,-1","0.12647298,-0.10349554,-0.14760678,-0.18353153,-0.15294778",0.71405461,1,4,5,0,1.129024,1.119464,-0.00956,95,90,40000
chen_repression_biased_r025_t007_A_r0_rep0,chen_repression_biased_r025_t007,random_delete_5,5,0,500,500,1000,0,low_00,"chen_repression_biased_r025_t007_e0020,chen_repression_biased_r025_t007_e0012,chen_repression_biased_r025_t007_e0002,chen_repression_biased_r025_t007_e0024,chen_repression_biased_r025_t007_e0015","0,4,2,13,0","4,3,0,4,3","1,-1,1,-1,-1","0.14274011,-0.18449789,0.11318823,-0.19911648,-0.16736919",0.8069119,2,3,5,0,1.134606,1.137894,0.003288,95,90,50000
chen_repression_biased_r025_t007_A_r1_rep0,chen_repression_biased_r025_t007,random_delete_5,5,1,500,500,1000,0,low_00,"chen_repression_biased_r025_t007_e0012,chen_repression_biased_r025_t007_e0086,chen_repression_biased_r025_t007_e0079,chen_repression_biased_r025_t007_e0025,chen_repression_biased_r025_t007_e0054","4,9,4,15,12","3,17,16,5,10","-1,1,-1,-1,-1","-0.18449789,0.15135244,-0.11516111,-0.18188703,-0.14383508",0.77673355,1,4,5,0,1.134606,1.031622,-0.102984,95,90,50001
chen_repression_biased_r025_t007_A_r2_rep0,chen_repression_biased_r025_t007,random_delete_5,5,2,500,500,1000,0,low_00,"chen_repression_biased_r025_t007_e0075,chen_repression_biased_r025_t007_e0031,chen_repression_biased_r025_t007_e0089,chen_repression_biased_r025_t007_e0011,chen_repression_biased_r025_t007_e0052","4,16,6,10,6","15,6,18,2,10","-1,1,-1,1,1","-0.1661135,0.16615184,-0.17077166,0.17180866,0.11651289",0.79135855,3,2,5,0,1.134606,1.146539,0.011933,95,90,50002
chen_repression_biased_r025_t007_A_r3_rep0,chen_repression_biased_r025_t007,random_delete_5,5,3,500,500,1000,0,low_00,"chen_repression_biased_r025_t007_e0069,chen_repression_biased_r025_t007_e0016,chen_repression_biased_r025_t007_e0062,chen_repression_biased_r025_t007_e0020,chen_repression_biased_r025_t007_e0037","10,19,18,0,17","13,3,12,4,7","-1,-1,-1,1,-1","-0.19750113,-0.17093745,-0.12327194,0.14274011,-0.15064265",0.78509328,1,4,5,0,1.134606,1.098731,-0.035875,95,90,50003
chen_repression_biased_r025_t007_A_r4_rep0,chen_repression_biased_r025_t007,random_delete_5,5,4,500,500,1000,0,low_00,"chen_repression_biased_r025_t007_e0084,chen_repression_biased_r025_t007_e0093,chen_repression_biased_r025_t007_e0026,chen_repression_biased_r025_t007_e0004,chen_repression_biased_r025_t007_e0014","9,14,19,10,14","16,19,5,0,3","-1,1,1,1,1","-0.10795254,0.1043563,0.17814746,0.19925085,0.12494278",0.71464993,4,1,5,0,1.134606,1.119644,-0.014962,95,90,50004
chen_repression_biased_r025_t007_A_r5_rep0,chen_repression_biased_r025_t007,random_delete_5,5,5,500,500,1000,0,low_00,"chen_repression_biased_r025_t007_e0091,chen_repression_biased_r025_t007_e0060,chen_repression_biased_r025_t007_e0050,chen_repression_biased_r025_t007_e0067,chen_repression_biased_r025_t007_e0044","13,2,11,3,11","18,11,10,12,9","1,-1,-1,-1,-1","0.13303534,-0.1862228,-0.17887331,-0.19919194,-0.17750486",0.87482825,1,4,5,0,1.134606,1.067129,-0.067477,95,90,50005
chen_repression_biased_r025_t007_A_r6_rep0,chen_repression_biased_r025_t007,random_delete_5,5,6,500,500,1000,0,low_00,"chen_repression_biased_r025_t007_e0051,chen_repression_biased_r025_t007_e0043,chen_repression_biased_r025_t007_e0090,chen_repression_biased_r025_t007_e0025,chen_repression_biased_r025_t007_e0063","17,0,11,15,4","10,8,18,5,12","-1,-1,-1,-1,-1","-0.11091199,-0.15788149,-0.16516854,-0.18188703,-0.17187502",0.78772407,0,5,5,0,1.134606,1.14631,0.011704,95,90,50006
chen_repression_biased_r025_t007_A_r7_rep0,chen_repression_biased_r025_t007,random_delete_5,5,7,500,500,1000,0,low_00,"chen_repression_biased_r025_t007_e0089,chen_repression_biased_r025_t007_e0053,chen_repression_biased_r025_t007_e0042,chen_repression_biased_r025_t007_e0072,chen_repression_biased_r025_t007_e0046","6,3,1,4,6","18,10,8,14,9","-1,-1,-1,-1,-1","-0.17077166,-0.1605133,-0.14068106,-0.15895475,-0.16595929",0.79688006,0,5,5,0,1.134606,1.132555,-0.002051,95,90,50007
chen_repression_biased_r025_t007_A_r8_rep0,chen_repression_biased_r025_t007,random_delete_5,5,8,500,500,1000,0,low_00,"chen_repression_biased_r025_t007_e0073,chen_repression_biased_r025_t007_e0004,chen_repression_biased_r025_t007_e0010,chen_repression_biased_r025_t007_e0068,chen_repression_biased_r025_t007_e0051","1,10,12,3,17","14,0,2,13,10","1,1,-1,-1,-1","0.17513493,0.19925085,-0.18377444,-0.11379544,-0.11091199",0.78286765,2,3,5,0,1.134606,1.13451,-9.6e-05,95,90,50008
chen_repression_biased_r025_t007_A_r9_rep0,chen_repression_biased_r025_t007,random_delete_5,5,9,500,500,1000,0,low_00,"chen_repression_biased_r025_t007_e0010,chen_repression_biased_r025_t007_e0041,chen_repression_biased_r025_t007_e0021,chen_repression_biased_r025_t007_e0084,chen_repression_biased_r025_t007_e0034","12,18,1,9,10","2,8,4,16,7","-1,-1,1,-1,-1","-0.18377444,-0.14495953,0.12814748,-0.10795254,-0.1895834",0.75441739,1,4,5,0,1.134606,1.074181,-0.060425,95,90,50009
chen_repression_biased_r025_t007_B_r0_rep0,chen_repression_biased_r025_t007,target_strongest_5,5,0,500,500,1000,0,low_00,"chen_repression_biased_r025_t007_e0076,chen_repression_biased_r025_t007_e0005,chen_repression_biased_r025_t007_e0004,chen_repression_biased_r025_t007_e0067,chen_repression_biased_r025_t007_e0024","11,13,10,3,13","15,1,0,12,4","-1,-1,1,-1,-1","-0.19994948,-0.19960607,0.19925085,-0.19919194,-0.19911648",0.99711482,1,4,5,0,1.134606,1.123075,-0.011531,95,90,
chen_repression_biased_r025_t007_C_r0_rep0,chen_repression_biased_r025_t007,target_hub_outgoing_5,5,0,500,500,1000,0,low_00,"chen_repression_biased_r025_t007_e0019,chen_repression_biased_r025_t007_e0001,chen_repression_biased_r025_t007_e0036,chen_repression_biased_r025_t007_e0071,chen_repression_biased_r025_t007_e0049","15,15,15,15,15","4,0,7,14,10","1,-1,-1,1,-1","0.13937635,-0.1094146,-0.18404768,0.13417441,-0.11113462",0.67814766,2,3,5,0,1.134606,1.132629,-0.001977,95,90,50000
chen_repression_biased_r025_t007_D_r0_rep0,chen_repression_biased_r025_t007,target_largest_scc_internal_5,5,0,500,500,1000,0,low_00,"chen_repression_biased_r025_t007_e0013,chen_repression_biased_r025_t007_e0023,chen_repression_biased_r025_t007_e0036,chen_repression_biased_r025_t007_e0077,chen_repression_biased_r025_t007_e0054","9,5,15,16,12","3,4,7,15,10","-1,1,-1,-1,-1","-0.16784792,0.14569595,-0.18404768,-0.10532887,-0.14383508",0.7467555,1,4,5,0,1.134606,1.116829,-0.017777,95,90,50000
chen_repression_biased_r025_t007_A_r0_rep1,chen_repression_biased_r025_t007,random_delete_5,5,0,500,500,1000,1,sparse_00,"chen_repression_biased_r025_t007_e0001,chen_repression_biased_r025_t007_e0038,chen_repression_biased_r025_t007_e0061,chen_repression_biased_r025_t007_e0058,chen_repression_biased_r025_t007_e0004","15,15,1,8,10","0,8,12,11,0","-1,-1,-1,-1,1","-0.1094146,-0.10422983,-0.16650473,-0.18036443,0.19925085",0.75976444,1,4,5,0,1.134606,1.131308,-0.003298,95,90,51000
chen_repression_biased_r025_t007_A_r1_rep1,chen_repression_biased_r025_t007,random_delete_5,5,1,500,500,1000,1,sparse_00,"chen_repression_biased_r025_t007_e0010,chen_repression_biased_r025_t007_e0063,chen_repression_biased_r025_t007_e0000,chen_repression_biased_r025_t007_e0022,chen_repression_biased_r025_t007_e0036","12,4,9,7,15","2,12,0,4,7","-1,-1,1,-1,-1","-0.18377444,-0.17187502,0.11181466,-0.17664038,-0.18404768",0.82815218,1,4,5,0,1.134606,1.118932,-0.015674,95,90,51001
chen_repression_biased_r025_t007_A_r2_rep1,chen_repression_biased_r025_t007,random_delete_5,5,2,500,500,1000,1,sparse_00,"chen_repression_biased_r025_t007_e0090,chen_repression_biased_r025_t007_e0088,chen_repression_biased_r025_t007_e0027,chen_repression_biased_r025_t007_e0058,chen_repression_biased_r025_t007_e0006","11,5,18,8,10","18,17,5,11,1","-1,-1,-1,-1,1","-0.16516854,-0.12099255,-0.12382393,-0.18036443,0.15098104",0.74133049,1,4,5,0,1.134606,1.118244,-0.016362,95,90,51002
chen_repression_biased_r025_t007_A_r3_rep1,chen_repression_biased_r025_t007,random_delete_5,5,3,500,500,1000,1,sparse_00,"chen_repression_biased_r025_t007_e0079,chen_repression_biased_r025_t007_e0041,chen_repression_biased_r025_t007_e0083,chen_repression_biased_r025_t007_e0088,chen_repression_biased_r025_t007_e0020","4,18,12,5,0","16,8,16,17,4","-1,-1,-1,-1,1","-0.11516111,-0.14495953,-0.11791704,-0.12099255,0.14274011",0.64177034,1,4,5,0,1.134606,1.133992,-0.000614,95,90,51003
chen_repression_biased_r025_t007_A_r4_rep1,chen_repression_biased_r025_t007,random_delete_5,5,4,500,500,1000,1,sparse_00,"chen_repression_biased_r025_t007_e0034,chen_repression_biased_r025_t007_e0072,chen_repression_biased_r025_t007_e0012,chen_repression_biased_r025_t007_e0061,chen_repression_biased_r025_t007_e0093","10,4,4,1,14","7,14,3,12,19","-1,-1,-1,-1,1","-0.1895834,-0.15895475,-0.18449789,-0.16650473,0.1043563",0.80389707,1,4,5,0,1.134606,1.113711,-0.020895,95,90,51004
chen_repression_biased_r025_t007_A_r5_rep1,chen_repression_biased_r025_t007,random_delete_5,5,5,500,500,1000,1,sparse_00,"chen_repression_biased_r025_t007_e0074,chen_repression_biased_r025_t007_e0051,chen_repression_biased_r025_t007_e0015,chen_repression_biased_r025_t007_e0033,chen_repression_biased_r025_t007_e0008","0,17,0,13,7","15,10,3,7,1","-1,-1,-1,-1,-1","-0.10954863,-0.11091199,-0.16736919,-0.15881583,-0.11067615",0.65732179,0,5,5,0,1.134606,1.125254,-0.009352,95,90,51005
chen_repression_biased_r025_t007_A_r6_rep1,chen_repression_biased_r025_t007,random_delete_5,5,6,500,500,1000,1,sparse_00,"chen_repression_biased_r025_t007_e0017,chen_repression_biased_r025_t007_e0065,chen_repression_biased_r025_t007_e0005,chen_repression_biased_r025_t007_e0000,chen_repression_biased_r025_t007_e0050","18,19,13,9,11","3,12,1,0,10","1,-1,-1,1,-1","0.17075486,-0.19372135,-0.19960607,0.11181466,-0.17887331",0.85477025,2,3,5,0,1.134606,1.154887,0.020281,95,90,51006
chen_repression_biased_r025_t007_A_r7_rep1,chen_repression_biased_r025_t007,random_delete_5,5,7,500,500,1000,1,sparse_00,"chen_repression_biased_r025_t007_e0041,chen_repression_biased_r025_t007_e0076,chen_repression_biased_r025_t007_e0000,chen_repression_biased_r025_t007_e0012,chen_repression_biased_r025_t007_e0064","18,11,9,4,13","8,15,0,3,12","-1,-1,1,-1,-1","-0.14495953,-0.19994948,0.11181466,-0.18449789,-0.1484444",0.78966596,1,4,5,0,1.134606,1.105535,-0.029071,95,90,51007
chen_repression_biased_r025_t007_A_r8_rep1,chen_repression_biased_r025_t007,random_delete_5,5,8,500,500,1000,1,sparse_00,"chen_repression_biased_r025_t007_e0004,chen_repression_biased_r025_t007_e0079,chen_repression_biased_r025_t007_e0026,chen_repression_biased_r025_t007_e0010,chen_repression_biased_r025_t007_e0081","10,4,19,12,5","0,16,5,2,16","1,-1,1,-1,-1","0.19925085,-0.11516111,0.17814746,-0.18377444,-0.17677402",0.85310788,2,3,5,0,1.134606,1.140282,0.005676,95,90,51008
chen_repression_biased_r025_t007_A_r9_rep1,chen_repression_biased_r025_t007,random_delete_5,5,9,500,500,1000,1,sparse_00,"chen_repression_biased_r025_t007_e0075,chen_repression_biased_r025_t007_e0056,chen_repression_biased_r025_t007_e0074,chen_repression_biased_r025_t007_e0013,chen_repression_biased_r025_t007_e0022","4,8,0,9,7","15,10,15,3,4","-1,1,-1,-1,-1","-0.1661135,0.15986339,-0.10954863,-0.16784792,-0.17664038",0.78001382,1,4,5,0,1.134606,1.135601,0.000995,95,90,51009
chen_repression_biased_r025_t007_B_r0_rep1,chen_repression_biased_r025_t007,target_strongest_5,5,0,500,500,1000,1,sparse_00,"chen_repression_biased_r025_t007_e0076,chen_repression_biased_r025_t007_e0005,chen_repression_biased_r025_t007_e0004,chen_repression_biased_r025_t007_e0067,chen_repression_biased_r025_t007_e0024","11,13,10,3,13","15,1,0,12,4","-1,-1,1,-1,-1","-0.19994948,-0.19960607,0.19925085,-0.19919194,-0.19911648",0.99711482,1,4,5,0,1.134606,1.123075,-0.011531,95,90,
chen_repression_biased_r025_t007_C_r0_rep1,chen_repression_biased_r025_t007,target_hub_outgoing_5,5,0,500,500,1000,1,sparse_00,"chen_repression_biased_r025_t007_e0025,chen_repression_biased_r025_t007_e0001,chen_repression_biased_r025_t007_e0049,chen_repression_biased_r025_t007_e0019,chen_repression_biased_r025_t007_e0038","15,15,15,15,15","5,0,10,4,8","-1,-1,-1,1,-1","-0.18188703,-0.1094146,-0.11113462,0.13937635,-0.10422983",0.64604243,1,4,5,0,1.134606,1.134499,-0.000107,95,90,51000
chen_repression_biased_r025_t007_D_r0_rep1,chen_repression_biased_r025_t007,target_largest_scc_internal_5,5,0,500,500,1000,1,sparse_00,"chen_repression_biased_r025_t007_e0042,chen_repression_biased_r025_t007_e0063,chen_repression_biased_r025_t007_e0054,chen_repression_biased_r025_t007_e0090,chen_repression_biased_r025_t007_e0048","1,4,12,11,8","8,12,10,18,9","-1,-1,-1,-1,-1","-0.14068106,-0.17187502,-0.14383508,-0.16516854,-0.16481159",0.78637129,0,5,5,0,1.134606,1.152606,0.018,95,90,51000
stress_balanced_r010_t001_A_r0_rep0,stress_balanced_r010_t001,random_delete_5,5,0,500,500,1000,0,low_00,"stress_balanced_r010_t001_e0021,stress_balanced_r010_t001_e0001,stress_balanced_r010_t001_e0016,stress_balanced_r010_t001_e0006,stress_balanced_r010_t001_e0020","6,10,1,17,18","8,0,7,2,8","-1,-1,1,-1,-1","-0.39965561,-0.34038971,0.39539898,-0.38193888,-0.26773876",1.78512194,1,4,4,0,1.274808,0.972143,-0.302665,38,33,60000
stress_balanced_r010_t001_A_r1_rep0,stress_balanced_r010_t001,random_delete_5,5,1,500,500,1000,0,low_00,"stress_balanced_r010_t001_e0016,stress_balanced_r010_t001_e0026,stress_balanced_r010_t001_e0001,stress_balanced_r010_t001_e0003,stress_balanced_r010_t001_e0000","1,1,10,11,14","7,13,0,1,0","1,-1,-1,-1,-1","0.39539898,-0.2483861,-0.34038971,-0.21690028,-0.28121514",1.48229021,1,4,2,0,1.274808,1.266775,-0.008033,38,33,60001
stress_balanced_r010_t001_A_r2_rep0,stress_balanced_r010_t001,random_delete_5,5,2,500,500,1000,0,low_00,"stress_balanced_r010_t001_e0035,stress_balanced_r010_t001_e0017,stress_balanced_r010_t001_e0021,stress_balanced_r010_t001_e0009,stress_balanced_r010_t001_e0004","3,9,6,2,14","18,7,8,3,1","1,1,-1,1,-1","0.32480702,0.29689429,-0.39965561,0.32623376,-0.29244076",1.64003144,3,2,5,0,1.274808,1.225424,-0.049384,38,33,60002
stress_balanced_r010_t001_A_r3_rep0,stress_balanced_r010_t001,random_delete_5,5,3,500,500,1000,0,low_00,"stress_balanced_r010_t001_e0005,stress_balanced_r010_t001_e0028,stress_balanced_r010_t001_e0007,stress_balanced_r010_t001_e0030,stress_balanced_r010_t001_e0002","2,17,14,14,6","1,13,2,15,1","-1,1,1,1,-1","-0.36563104,0.28209898,0.36717695,0.31152901,-0.22711048",1.55354646,3,2,4,0,1.274808,1.274808,0.0,38,33,60003
stress_balanced_r010_t001_A_r4_rep0,stress_balanced_r010_t001,random_delete_5,5,4,500,500,1000,0,low_00,"stress_balanced_r010_t001_e0015,stress_balanced_r010_t001_e0018,stress_balanced_r010_t001_e0029,stress_balanced_r010_t001_e0007,stress_balanced_r010_t001_e0028","3,19,2,14,17","7,8,14,2,13","-1,1,-1,1,1","-0.22207097,0.24150753,-0.26195797,0.36717695,0.28209898",1.3748124,3,2,3,0,1.274808,1.307077,0.032269,38,33,60004
stress_balanced_r010_t001_A_r5_rep0,stress_balanced_r010_t001,random_delete_5,5,5,500,500,1000,0,low_00,"stress_balanced_r010_t001_e0029,stress_balanced_r010_t001_e0021,stress_balanced_r010_t001_e0013,stress_balanced_r010_t001_e0020,stress_balanced_r010_t001_e0016","2,6,15,18,1","14,8,6,8,7","-1,-1,-1,-1,1","-0.26195797,-0.39965561,-0.23028058,-0.26773876,0.39539898",1.5550319,1,4,5,0,1.274808,1.234652,-0.040156,38,33,60005
stress_balanced_r010_t001_A_r6_rep0,stress_balanced_r010_t001,random_delete_5,5,6,500,500,1000,0,low_00,"stress_balanced_r010_t001_e0016,stress_balanced_r010_t001_e0006,stress_balanced_r010_t001_e0005,stress_balanced_r010_t001_e0000,stress_balanced_r010_t001_e0014","1,17,2,14,0","7,2,1,0,6","1,-1,-1,-1,-1","0.39539898,-0.38193888,-0.36563104,-0.28121514,-0.27393082",1.69811486,1,4,5,0,1.274808,1.099087,-0.175721,38,33,60006
stress_balanced_r010_t001_A_r7_rep0,stress_balanced_r010_t001,random_delete_5,5,7,500,500,1000,0,low_00,"stress_balanced_r010_t001_e0029,stress_balanced_r010_t001_e0037,stress_balanced_r010_t001_e0020,stress_balanced_r010_t001_e0032,stress_balanced_r010_t001_e0010","2,2,18,12,8","14,18,8,17,4","-1,1,-1,1,-1","-0.26195797,0.32246445,-0.26773876,0.26441049,-0.33691737",1.45348904,2,3,3,0,1.274808,1.221721,-0.053087,38,33,60007
stress_balanced_r010_t001_A_r8_rep0,stress_balanced_r010_t001,random_delete_5,5,8,500,500,1000,0,low_00,"stress_balanced_r010_t001_e0030,stress_balanced_r010_t001_e0003,stress_balanced_r010_t001_e0023,stress_balanced_r010_t001_e0036,stress_balanced_r010_t001_e0010","14,11,1,8,8","15,1,9,18,4","1,-1,1,-1,-1","0.31152901,-0.21690028,0.23896391,-0.33410656,-0.33691737",1.43841713,2,3,3,0,1.274808,1.197821,-0.076987,38,33,60008
stress_balanced_r010_t001_A_r9_rep0,stress_balanced_r010_t001,random_delete_5,5,9,500,500,1000,0,low_00,"stress_balanced_r010_t001_e0029,stress_balanced_r010_t001_e0023,stress_balanced_r010_t001_e0033,stress_balanced_r010_t001_e0034,stress_balanced_r010_t001_e0010","2,1,18,7,8","14,9,17,18,4","-1,1,-1,-1,-1","-0.26195797,0.23896391,-0.32095758,-0.30456436,-0.33691737",1.46336119,1,4,4,0,1.274808,1.099087,-0.175721,38,33,60009
stress_balanced_r010_t001_B_r0_rep0,stress_balanced_r010_t001,target_strongest_5,5,0,500,500,1000,0,low_00,"stress_balanced_r010_t001_e0021,stress_balanced_r010_t001_e0016,stress_balanced_r010_t001_e0006,stress_balanced_r010_t001_e0007,stress_balanced_r010_t001_e0031","6,1,17,14,11","8,7,2,2,15","-1,1,-1,1,1","-0.39965561,0.39539898,-0.38193888,0.36717695,0.36564161",1.90981203,3,2,4,0,1.274808,1.099087,-0.175721,38,33,
stress_balanced_r010_t001_C_r0_rep0,stress_balanced_r010_t001,target_hub_outgoing_5,5,0,500,500,1000,0,low_00,"stress_balanced_r010_t001_e0007,stress_balanced_r010_t001_e0004,stress_balanced_r010_t001_e0030,stress_balanced_r010_t001_e0027,stress_balanced_r010_t001_e0000","14,14,14,14,14","2,1,15,13,0","1,-1,1,1,-1","0.36717695,-0.29244076,0.31152901,0.24490732,-0.28121514",1.49726918,3,2,4,0,1.274808,1.318962,0.044154,38,33,60000
stress_balanced_r010_t001_D_r0_rep0,stress_balanced_r010_t001,target_largest_scc_internal_5,5,0,500,500,1000,0,low_00,"stress_balanced_r010_t001_e0021,stress_balanced_r010_t001_e0007,stress_balanced_r010_t001_e0030,stress_balanced_r010_t001_e0006,stress_balanced_r010_t001_e0013","6,14,14,17,15","8,2,15,2,6","-1,1,1,-1,-1","-0.39965561,0.36717695,0.31152901,-0.38193888,-0.23028058",1.69058103,2,3,5,0,1.274808,1.099087,-0.175721,38,33,60000
stress_balanced_r010_t001_A_r0_rep1,stress_balanced_r010_t001,random_delete_5,5,0,500,500,1000,1,medium_00,"stress_balanced_r010_t001_e0015,stress_balanced_r010_t001_e0016,stress_balanced_r010_t001_e0028,stress_balanced_r010_t001_e0005,stress_balanced_r010_t001_e0010","3,1,17,2,8","7,7,13,1,4","-1,1,1,-1,-1","-0.22207097,0.39539898,0.28209898,-0.36563104,-0.33691737",1.60211734,2,3,3,0,1.274808,1.236767,-0.038041,38,33,61000
stress_balanced_r010_t001_A_r1_rep1,stress_balanced_r010_t001,random_delete_5,5,1,500,500,1000,1,medium_00,"stress_balanced_r010_t001_e0027,stress_balanced_r010_t001_e0001,stress_balanced_r010_t001_e0029,stress_balanced_r010_t001_e0006,stress_balanced_r010_t001_e0036","14,10,2,17,8","13,0,14,2,18","1,-1,-1,-1,-1","0.24490732,-0.34038971,-0.26195797,-0.38193888,-0.33410656",1.56330044,1,4,3,0,1.274808,0.89289,-0.381918,38,33,61001
stress_balanced_r010_t001_A_r2_rep1,stress_balanced_r010_t001,random_delete_5,5,2,500,500,1000,1,medium_00,"stress_balanced_r010_t001_e0004,stress_balanced_r010_t001_e0009,stress_balanced_r010_t001_e0002,stress_balanced_r010_t001_e0026,stress_balanced_r010_t001_e0005","14,2,6,1,2","1,3,1,13,1","-1,1,-1,-1,-1","-0.29244076,0.32623376,-0.22711048,-0.2483861,-0.36563104",1.45980214,1,4,4,0,1.274808,1.187367,-0.087441,38,33,61002
stress_balanced_r010_t001_A_r3_rep1,stress_balanced_r010_t001,random_delete_5,5,3,500,500,1000,1,medium_00,"stress_balanced_r010_t001_e0020,stress_balanced_r010_t001_e0006,stress_balanced_r010_t001_e0023,stress_balanced_r010_t001_e0015,stress_balanced_r010_t001_e0008","18,17,1,3,9","8,2,9,7,2","-1,-1,1,-1,1","-0.26773876,-0.38193888,0.23896391,-0.22207097,0.21477766",1.32549018,2,3,5,0,1.274808,0.858012,-0.416796,38,33,61003
stress_balanced_r010_t001_A_r4_rep1,stress_balanced_r010_t001,random_delete_5,5,4,500,500,1000,1,medium_00,"stress_balanced_r010_t001_e0002,stress_balanced_r010_t001_e0015,stress_balanced_r010_t001_e0025,stress_balanced_r010_t001_e0019,stress_balanced_r010_t001_e0036","6,3,16,11,8","1,7,11,8,18","-1,-1,1,1,-1","-0.22711048,-0.22207097,0.29298018,0.26329047,-0.33410656",1.33955866,2,3,3,0,1.274808,1.179042,-0.095766,38,33,61004
stress_balanced_r010_t001_A_r5_rep1,stress_balanced_r010_t001,random_delete_5,5,5,500,500,1000,1,medium_00,"stress_balanced_r010_t001_e0008,stress_balanced_r010_t001_e0025,stress_balanced_r010_t001_e0024,stress_balanced_r010_t001_e0032,stress_balanced_r010_t001_e0020","9,16,5,12,18","2,11,11,17,8","1,1,-1,1,-1","0.21477766,0.29298018,-0.2428764,0.26441049,-0.26773876",1.28278349,3,2,2,0,1.274808,1.195064,-0.079744,38,33,61005
stress_balanced_r010_t001_A_r6_rep1,stress_balanced_r010_t001,random_delete_5,5,6,500,500,1000,1,medium_00,"stress_balanced_r010_t001_e0013,stress_balanced_r010_t001_e0025,stress_balanced_r010_t001_e0004,stress_balanced_r010_t001_e0015,stress_balanced_r010_t001_e0018","15,16,14,3,19","6,11,1,7,8","-1,1,-1,-1,1","-0.23028058,0.29298018,-0.29244076,-0.22207097,0.24150753",1.27928002,2,3,3,0,1.274808,1.261037,-0.013771,38,33,61006
stress_balanced_r010_t001_A_r7_rep1,stress_balanced_r010_t001,random_delete_5,5,7,500,500,1000,1,medium_00,"stress_balanced_r010_t001_e0025,stress_balanced_r010_t001_e0002,stress_balanced_r010_t001_e0034,stress_balanced_r010_t001_e0018,stress_balanced_r010_t001_e0027","16,6,7,19,14","11,1,18,8,13","1,-1,-1,1,1","0.29298018,-0.22711048,-0.30456436,0.24150753,0.24490732",1.31106987,3,2,2,0,1.274808,1.243322,-0.031486,38,33,61007
stress_balanced_r010_t001_A_r8_rep1,stress_balanced_r010_t001,random_delete_5,5,8,500,500,1000,1,medium_00,"stress_balanced_r010_t001_e0025,stress_balanced_r010_t001_e0030,stress_balanced_r010_t001_e0000,stress_balanced_r010_t001_e0002,stress_balanced_r010_t001_e0020","16,14,14,6,18","11,15,0,1,8","1,1,-1,-1,-1","0.29298018,0.31152901,-0.28121514,-0.22711048,-0.26773876",1.38057357,2,3,4,0,1.274808,1.204719,-0.070089,38,33,61008
stress_balanced_r010_t001_A_r9_rep1,stress_balanced_r010_t001,random_delete_5,5,9,500,500,1000,1,medium_00,"stress_balanced_r010_t001_e0017,stress_balanced_r010_t001_e0003,stress_balanced_r010_t001_e0007,stress_balanced_r010_t001_e0011,stress_balanced_r010_t001_e0001","9,11,14,12,10","7,1,2,4,0","1,-1,1,-1,-1","0.29689429,-0.21690028,0.36717695,-0.20083475,-0.34038971",1.42219598,2,3,2,0,1.274808,1.312943,0.038135,38,33,61009
stress_balanced_r010_t001_B_r0_rep1,stress_balanced_r010_t001,target_strongest_5,5,0,500,500,1000,1,medium_00,"stress_balanced_r010_t001_e0021,stress_balanced_r010_t001_e0016,stress_balanced_r010_t001_e0006,stress_balanced_r010_t001_e0007,stress_balanced_r010_t001_e0031","6,1,17,14,11","8,7,2,2,15","-1,1,-1,1,1","-0.39965561,0.39539898,-0.38193888,0.36717695,0.36564161",1.90981203,3,2,4,0,1.274808,1.099087,-0.175721,38,33,
stress_balanced_r010_t001_C_r0_rep1,stress_balanced_r010_t001,target_hub_outgoing_5,5,0,500,500,1000,1,medium_00,"stress_balanced_r010_t001_e0000,stress_balanced_r010_t001_e0027,stress_balanced_r010_t001_e0030,stress_balanced_r010_t001_e0007,stress_balanced_r010_t001_e0004","14,14,14,14,14","0,13,15,2,1","-1,1,1,1,-1","-0.28121514,0.24490732,0.31152901,0.36717695,-0.29244076",1.49726918,3,2,4,0,1.274808,1.318962,0.044154,38,33,61000
stress_balanced_r010_t001_D_r0_rep1,stress_balanced_r010_t001,target_largest_scc_internal_5,5,0,500,500,1000,1,medium_00,"stress_balanced_r010_t001_e0033,stress_balanced_r010_t001_e0037,stress_balanced_r010_t001_e0023,stress_balanced_r010_t001_e0036,stress_balanced_r010_t001_e0017","18,2,1,8,9","17,18,9,18,7","-1,1,1,-1,1","-0.32095758,0.32246445,0.23896391,-0.33410656,0.29689429",1.51338679,3,2,5,0,1.274808,0.928041,-0.346767,38,33,61000
stress_balanced_r010_t001_A_r0_rep2,stress_balanced_r010_t001,random_delete_5,5,0,500,500,1000,2,high_00,"stress_balanced_r010_t001_e0003,stress_balanced_r010_t001_e0027,stress_balanced_r010_t001_e0000,stress_balanced_r010_t001_e0008,stress_balanced_r010_t001_e0013","11,14,14,9,15","1,13,0,2,6","-1,1,-1,1,-1","-0.21690028,0.24490732,-0.28121514,0.21477766,-0.23028058",1.18808098,2,3,3,0,1.274808,1.272727,-0.002081,38,33,62000
stress_balanced_r010_t001_A_r1_rep2,stress_balanced_r010_t001,random_delete_5,5,1,500,500,1000,2,high_00,"stress_balanced_r010_t001_e0005,stress_balanced_r010_t001_e0033,stress_balanced_r010_t001_e0011,stress_balanced_r010_t001_e0030,stress_balanced_r010_t001_e0018","2,18,12,14,19","1,17,4,15,8","-1,-1,-1,1,1","-0.36563104,-0.32095758,-0.20083475,0.31152901,0.24150753",1.44045991,2,3,3,0,1.274808,1.099087,-0.175721,38,33,62001
stress_balanced_r010_t001_A_r2_rep2,stress_balanced_r010_t001,random_delete_5,5,2,500,500,1000,2,high_00,"stress_balanced_r010_t001_e0033,stress_balanced_r010_t001_e0021,stress_balanced_r010_t001_e0015,stress_balanced_r010_t001_e0023,stress_balanced_r010_t001_e0028","18,6,3,1,17","17,8,7,9,13","-1,-1,-1,1,1","-0.32095758,-0.39965561,-0.22207097,0.23896391,0.28209898",1.46374705,2,3,4,0,1.274808,1.099087,-0.175721,38,33,62002
stress_balanced_r010_t001_A_r3_rep2,stress_balanced_r010_t001,random_delete_5,5,3,500,500,1000,2,high_00,"stress_balanced_r010_t001_e0001,stress_balanced_r010_t001_e0035,stress_balanced_r010_t001_e0018,stress_balanced_r010_t001_e0031,stress_balanced_r010_t001_e0010","10,3,19,11,8","0,18,8,15,4","-1,1,1,1,-1","-0.34038971,0.32480702,0.24150753,0.36564161,-0.33691737",1.60926324,3,2,1,0,1.274808,1.237534,-0.037274,38,33,62003
stress_balanced_r010_t001_A_r4_rep2,stress_balanced_r010_t001,random_delete_5,5,4,500,500,1000,2,high_00,"stress_balanced_r010_t001_e0008,stress_balanced_r010_t001_e0032,stress_balanced_r010_t001_e0024,stress_balanced_r010_t001_e0025,stress_balanced_r010_t001_e0001","9,12,5,16,10","2,17,11,11,0","1,1,-1,1,-1","0.21477766,0.26441049,-0.2428764,0.29298018,-0.34038971",1.35543444,3,2,1,0,1.274808,1.271852,-0.002956,38,33,62004
stress_balanced_r010_t001_A_r5_rep2,stress_balanced_r010_t001,random_delete_5,5,5,500,500,1000,2,high_00,"stress_balanced_r010_t001_e0003,stress_balanced_r010_t001_e0024,stress_balanced_r010_t001_e0002,stress_balanced_r010_t001_e0008,stress_balanced_r010_t001_e0016","11,5,6,9,1","1,11,1,2,7","-1,-1,-1,1,1","-0.21690028,-0.2428764,-0.22711048,0.21477766,0.39539898",1.2970638,2,3,3,0,1.274808,1.254886,-0.019922,38,33,62005
stress_balanced_r010_t001_A_r6_rep2,stress_balanced_r010_t001,random_delete_5,5,6,500,500,1000,2,high_00,"stress_balanced_r010_t001_e0025,stress_balanced_r010_t001_e0011,stress_balanced_r010_t001_e0034,stress_balanced_r010_t001_e0000,stress_balanced_r010_t001_e0015","16,12,7,14,3","11,4,18,0,7","1,-1,-1,-1,-1","0.29298018,-0.20083475,-0.30456436,-0.28121514,-0.22207097",1.3016654,1,4,3,0,1.274808,1.252501,-0.022307,38,33,62006
stress_balanced_r010_t001_A_r7_rep2,stress_balanced_r010_t001,random_delete_5,5,7,500,500,1000,2,high_00,"stress_balanced_r010_t001_e0026,stress_balanced_r010_t001_e0023,stress_balanced_r010_t001_e0012,stress_balanced_r010_t001_e0035,stress_balanced_r010_t001_e0025","1,1,17,3,16","13,9,4,18,11","-1,1,1,1,1","-0.2483861,0.23896391,0.33859639,0.32480702,0.29298018",1.4437336,4,1,2,0,1.274808,1.236253,-0.038555,38,33,62007
stress_balanced_r010_t001_A_r8_rep2,stress_balanced_r010_t001,random_delete_5,5,8,500,500,1000,2,high_00,"stress_balanced_r010_t001_e0034,stress_balanced_r010_t001_e0008,stress_balanced_r010_t001_e0000,stress_balanced_r010_t001_e0023,stress_balanced_r010_t001_e0019","7,9,14,1,11","18,2,0,9,8","-1,1,-1,1,1","-0.30456436,0.21477766,-0.28121514,0.23896391,0.26329047",1.30281154,3,2,4,0,1.274808,1.251095,-0.023713,38,33,62008
stress_balanced_r010_t001_A_r9_rep2,stress_balanced_r010_t001,random_delete_5,5,9,500,500,1000,2,high_00,"stress_balanced_r010_t001_e0023,stress_balanced_r010_t001_e0008,stress_balanced_r010_t001_e0026,stress_balanced_r010_t001_e0009,stress_balanced_r010_t001_e0011","1,9,1,2,12","9,2,13,3,4","1,1,-1,1,-1","0.23896391,0.21477766,-0.2483861,0.32623376,-0.20083475",1.22919618,3,2,3,0,1.274808,1.215618,-0.05919,38,33,62009
stress_balanced_r010_t001_B_r0_rep2,stress_balanced_r010_t001,target_strongest_5,5,0,500,500,1000,2,high_00,"stress_balanced_r010_t001_e0021,stress_balanced_r010_t001_e0016,stress_balanced_r010_t001_e0006,stress_balanced_r010_t001_e0007,stress_balanced_r010_t001_e0031","6,1,17,14,11","8,7,2,2,15","-1,1,-1,1,1","-0.39965561,0.39539898,-0.38193888,0.36717695,0.36564161",1.90981203,3,2,4,0,1.274808,1.099087,-0.175721,38,33,
stress_balanced_r010_t001_C_r0_rep2,stress_balanced_r010_t001,target_hub_outgoing_5,5,0,500,500,1000,2,high_00,"stress_balanced_r010_t001_e0007,stress_balanced_r010_t001_e0000,stress_balanced_r010_t001_e0004,stress_balanced_r010_t001_e0030,stress_balanced_r010_t001_e0027","14,14,14,14,14","2,0,1,15,13","1,-1,-1,1,1","0.36717695,-0.28121514,-0.29244076,0.31152901,0.24490732",1.49726918,3,2,4,0,1.274808,1.318962,0.044154,38,33,62000
stress_balanced_r010_t001_D_r0_rep2,stress_balanced_r010_t001,target_largest_scc_internal_5,5,0,500,500,1000,2,high_00,"stress_balanced_r010_t001_e0035,stress_balanced_r010_t001_e0006,stress_balanced_r010_t001_e0034,stress_balanced_r010_t001_e0037,stress_balanced_r010_t001_e0030","3,17,7,2,14","18,2,18,18,15","1,-1,-1,1,1","0.32480702,-0.38193888,-0.30456436,0.32246445,0.31152901",1.64530372,3,2,5,0,1.274808,1.099087,-0.175721,38,33,62000
stress_balanced_r010_t001_A_r0_rep3,stress_balanced_r010_t001,random_delete_5,5,0,500,500,1000,3,sparse_00,"stress_balanced_r010_t001_e0032,stress_balanced_r010_t001_e0009,stress_balanced_r010_t001_e0001,stress_balanced_r010_t001_e0005,stress_balanced_r010_t001_e0036","12,2,10,2,8","17,3,0,1,18","1,1,-1,-1,-1","0.26441049,0.32623376,-0.34038971,-0.36563104,-0.33410656",1.63077156,2,3,3,0,1.274808,1.107474,-0.167334,38,33,63000
stress_balanced_r010_t001_A_r1_rep3,stress_balanced_r010_t001,random_delete_5,5,1,500,500,1000,3,sparse_00,"stress_balanced_r010_t001_e0019,stress_balanced_r010_t001_e0018,stress_balanced_r010_t001_e0005,stress_balanced_r010_t001_e0028,stress_balanced_r010_t001_e0008","11,19,2,17,9","8,8,1,13,2","1,1,-1,1,1","0.26329047,0.24150753,-0.36563104,0.28209898,0.21477766",1.36730568,4,1,2,0,1.274808,1.211925,-0.062883,38,33,63001
stress_balanced_r010_t001_A_r2_rep3,stress_balanced_r010_t001,random_delete_5,5,2,500,500,1000,3,sparse_00,"stress_balanced_r010_t001_e0011,stress_balanced_r010_t001_e0001,stress_balanced_r010_t001_e0000,stress_balanced_r010_t001_e0015,stress_balanced_r010_t001_e0008","12,10,14,3,9","4,0,0,7,2","-1,-1,-1,-1,1","-0.20083475,-0.34038971,-0.28121514,-0.22207097,0.21477766",1.25928823,1,4,3,0,1.274808,1.270152,-0.004656,38,33,63002
stress_balanced_r010_t001_A_r3_rep3,stress_balanced_r010_t001,random_delete_5,5,3,500,500,1000,3,sparse_00,"stress_balanced_r010_t001_e0000,stress_balanced_r010_t001_e0006,stress_balanced_r010_t001_e0019,stress_balanced_r010_t001_e0010,stress_balanced_r010_t001_e0017","14,17,11,8,9","0,2,8,4,7","-1,-1,1,-1,1","-0.28121514,-0.38193888,0.26329047,-0.33691737,0.29689429",1.56025615,2,3,3,0,1.274808,1.099087,-0.175721,38,33,63003
stress_balanced_r010_t001_A_r4_rep3,stress_balanced_r010_t001,random_delete_5,5,4,500,500,1000,3,sparse_00,"stress_balanced_r010_t001_e0018,stress_balanced_r010_t001_e0032,stress_balanced_r010_t001_e0013,stress_balanced_r010_t001_e0021,stress_balanced_r010_t001_e0020","19,12,15,6,18","8,17,6,8,8","1,1,-1,-1,-1","0.24150753,0.26441049,-0.23028058,-0.39965561,-0.26773876",1.40359297,2,3,3,0,1.274808,1.19637,-0.078438,38,33,63004
stress_balanced_r010_t001_A_r5_rep3,stress_balanced_r010_t001,random_delete_5,5,5,500,500,1000,3,sparse_00,"stress_balanced_r010_t001_e0033,stress_balanced_r010_t001_e0008,stress_balanced_r010_t001_e0036,stress_balanced_r010_t001_e0019,stress_balanced_r010_t001_e0012","18,9,8,11,17","17,2,18,8,4","-1,1,-1,1,1","-0.32095758,0.21477766,-0.33410656,0.26329047,0.33859639",1.47172866,3,2,3,0,1.274808,0.858012,-0.416796,38,33,63005
stress_balanced_r010_t001_A_r6_rep3,stress_balanced_r010_t001,random_delete_5,5,6,500,500,1000,3,sparse_00,"stress_balanced_r010_t001_e0022,stress_balanced_r010_t001_e0011,stress_balanced_r010_t001_e0006,stress_balanced_r010_t001_e0021,stress_balanced_r010_t001_e0035","3,12,17,6,3","9,4,2,8,18","1,-1,-1,-1,1","0.20572685,-0.20083475,-0.38193888,-0.39965561,0.32480702",1.51296311,2,3,4,0,1.274808,1.099087,-0.175721,38,33,63006
stress_balanced_r010_t001_A_r7_rep3,stress_balanced_r010_t001,random_delete_5,5,7,500,500,1000,3,sparse_00,"stress_balanced_r010_t001_e0017,stress_balanced_r010_t001_e0015,stress_balanced_r010_t001_e0024,stress_balanced_r010_t001_e0012,stress_balanced_r010_t001_e0006","9,3,5,17,17","7,7,11,4,2","1,-1,-1,1,-1","0.29689429,-0.22207097,-0.2428764,0.33859639,-0.38193888",1.48237693,2,3,3,0,1.274808,1.099087,-0.175721,38,33,63007
stress_balanced_r010_t001_A_r8_rep3,stress_balanced_r010_t001,random_delete_5,5,8,500,500,1000,3,sparse_00,"stress_balanced_r010_t001_e0017,stress_balanced_r010_t001_e0005,stress_balanced_r010_t001_e0012,stress_balanced_r010_t001_e0006,stress_balanced_r010_t001_e0030","9,2,17,17,14","7,1,4,2,15","1,-1,1,-1,1","0.29689429,-0.36563104,0.33859639,-0.38193888,0.31152901",1.69458961,3,2,4,0,1.274808,1.099087,-0.175721,38,33,63008
stress_balanced_r010_t001_A_r9_rep3,stress_balanced_r010_t001,random_delete_5,5,9,500,500,1000,3,sparse_00,"stress_balanced_r010_t001_e0006,stress_balanced_r010_t001_e0035,stress_balanced_r010_t001_e0012,stress_balanced_r010_t001_e0033,stress_balanced_r010_t001_e0015","17,3,17,18,3","2,18,4,17,7","-1,1,1,-1,-1","-0.38193888,0.32480702,0.33859639,-0.32095758,-0.22207097",1.58837084,2,3,4,0,1.274808,1.099087,-0.175721,38,33,63009
stress_balanced_r010_t001_B_r0_rep3,stress_balanced_r010_t001,target_strongest_5,5,0,500,500,1000,3,sparse_00,"stress_balanced_r010_t001_e0021,stress_balanced_r010_t001_e0016,stress_balanced_r010_t001_e0006,stress_balanced_r010_t001_e0007,stress_balanced_r010_t001_e0031","6,1,17,14,11","8,7,2,2,15","-1,1,-1,1,1","-0.39965561,0.39539898,-0.38193888,0.36717695,0.36564161",1.90981203,3,2,4,0,1.274808,1.099087,-0.175721,38,33,
stress_balanced_r010_t001_C_r0_rep3,stress_balanced_r010_t001,target_hub_outgoing_5,5,0,500,500,1000,3,sparse_00,"stress_balanced_r010_t001_e0030,stress_balanced_r010_t001_e0027,stress_balanced_r010_t001_e0000,stress_balanced_r010_t001_e0004,stress_balanced_r010_t001_e0007","14,14,14,14,14","15,13,0,1,2","1,1,-1,-1,1","0.31152901,0.24490732,-0.28121514,-0.29244076,0.36717695",1.49726918,3,2,4,0,1.274808,1.318962,0.044154,38,33,63000
stress_balanced_r010_t001_D_r0_rep3,stress_balanced_r010_t001,target_largest_scc_internal_5,5,0,500,500,1000,3,sparse_00,"stress_balanced_r010_t001_e0009,stress_balanced_r010_t001_e0034,stress_balanced_r010_t001_e0030,stress_balanced_r010_t001_e0021,stress_balanced_r010_t001_e0035","2,7,14,6,3","3,18,15,8,18","1,-1,1,-1,1","0.32623376,-0.30456436,0.31152901,-0.39965561,0.32480702",1.66678976,3,2,5,0,1.274808,1.185845,-0.088963,38,33,63000
stress_balanced_r010_t001_A_r0_rep4,stress_balanced_r010_t001,random_delete_5,5,0,500,500,1000,4,low_01,"stress_balanced_r010_t001_e0037,stress_balanced_r010_t001_e0004,stress_balanced_r010_t001_e0034,stress_balanced_r010_t001_e0010,stress_balanced_r010_t001_e0023","2,14,7,8,1","18,1,18,4,9","1,-1,-1,-1,1","0.32246445,-0.29244076,-0.30456436,-0.33691737,0.23896391",1.49535085,2,3,4,0,1.274808,1.187046,-0.087762,38,33,64000
stress_balanced_r010_t001_A_r1_rep4,stress_balanced_r010_t001,random_delete_5,5,1,500,500,1000,4,low_01,"stress_balanced_r010_t001_e0026,stress_balanced_r010_t001_e0023,stress_balanced_r010_t001_e0006,stress_balanced_r010_t001_e0016,stress_balanced_r010_t001_e0013","1,1,17,1,15","13,9,2,7,6","-1,1,-1,1,-1","-0.2483861,0.23896391,-0.38193888,0.39539898,-0.23028058",1.49496845,2,3,4,0,1.274808,1.099087,-0.175721,38,33,64001
stress_balanced_r010_t001_A_r2_rep4,stress_balanced_r010_t001,random_delete_5,5,2,500,500,1000,4,low_01,"stress_balanced_r010_t001_e0036,stress_balanced_r010_t001_e0014,stress_balanced_r010_t001_e0006,stress_balanced_r010_t001_e0018,stress_balanced_r010_t001_e0023","8,0,17,19,1","18,6,2,8,9","-1,-1,-1,1,1","-0.33410656,-0.27393082,-0.38193888,0.24150753,0.23896391",1.4704477,2,3,4,0,1.274808,0.928041,-0.346767,38,33,64002
stress_balanced_r010_t001_A_r3_rep4,stress_balanced_r010_t001,random_delete_5,5,3,500,500,1000,4,low_01,"stress_balanced_r010_t001_e0024,stress_balanced_r010_t001_e0013,stress_balanced_r010_t001_e0017,stress_balanced_r010_t001_e0006,stress_balanced_r010_t001_e0018","5,15,9,17,19","11,6,7,2,8","-1,-1,1,-1,1","-0.2428764,-0.23028058,0.29689429,-0.38193888,0.24150753",1.39349768,2,3,3,0,1.274808,1.099087,-0.175721,38,33,64003
stress_balanced_r010_t001_A_r4_rep4,stress_balanced_r010_t001,random_delete_5,5,4,500,500,1000,4,low_01,"stress_balanced_r010_t001_e0028,stress_balanced_r010_t001_e0021,stress_balanced_r010_t001_e0030,stress_balanced_r010_t001_e0007,stress_balanced_r010_t001_e0011","17,6,14,14,12","13,8,15,2,4","1,-1,1,1,-1","0.28209898,-0.39965561,0.31152901,0.36717695,-0.20083475",1.5612953,3,2,3,0,1.274808,1.310006,0.035198,38,33,64004
stress_balanced_r010_t001_A_r5_rep4,stress_balanced_r010_t001,random_delete_5,5,5,500,500,1000,4,low_01,"stress_balanced_r010_t001_e0026,stress_balanced_r010_t001_e0028,stress_balanced_r010_t001_e0037,stress_balanced_r010_t001_e0009,stress_balanced_r010_t001_e0022","1,17,2,2,3","13,13,18,3,9","-1,1,1,1,1","-0.2483861,0.28209898,0.32246445,0.32623376,0.20572685",1.38491014,4,1,3,0,1.274808,1.152569,-0.122239,38,33,64005
stress_balanced_r010_t001_A_r6_rep4,stress_balanced_r010_t001,random_delete_5,5,6,500,500,1000,4,low_01,"stress_balanced_r010_t001_e0026,stress_balanced_r010_t001_e0021,stress_balanced_r010_t001_e0035,stress_balanced_r010_t001_e0002,stress_balanced_r010_t001_e0004","1,6,3,6,14","13,8,18,1,1","-1,-1,1,-1,-1","-0.2483861,-0.39965561,0.32480702,-0.22711048,-0.29244076",1.49239997,1,4,4,0,1.274808,1.255267,-0.019541,38,33,64006
stress_balanced_r010_t001_A_r7_rep4,stress_balanced_r010_t001,random_delete_5,5,7,500,500,1000,4,low_01,"stress_balanced_r010_t001_e0037,stress_balanced_r010_t001_e0027,stress_balanced_r010_t001_e0007,stress_balanced_r010_t001_e0018,stress_balanced_r010_t001_e0022","2,14,14,19,3","18,13,2,8,9","1,1,1,1,1","0.32246445,0.24490732,0.36717695,0.24150753,0.20572685",1.3817831,5,0,3,0,1.274808,1.256653,-0.018155,38,33,64007
stress_balanced_r010_t001_A_r8_rep4,stress_balanced_r010_t001,random_delete_5,5,8,500,500,1000,4,low_01,"stress_balanced_r010_t001_e0012,stress_balanced_r010_t001_e0030,stress_balanced_r010_t001_e0022,stress_balanced_r010_t001_e0004,stress_balanced_r010_t001_e0014","17,14,3,14,0","4,15,9,1,6","1,1,1,-1,-1","0.33859639,0.31152901,0.20572685,-0.29244076,-0.27393082",1.42222383,3,2,4,0,1.274808,1.283062,0.008254,38,33,64008
stress_balanced_r010_t001_A_r9_rep4,stress_balanced_r010_t001,random_delete_5,5,9,500,500,1000,4,low_01,"stress_balanced_r010_t001_e0015,stress_balanced_r010_t001_e0011,stress_balanced_r010_t001_e0008,stress_balanced_r010_t001_e0009,stress_balanced_r010_t001_e0036","3,12,9,2,8","7,4,2,3,18","-1,-1,1,1,-1","-0.22207097,-0.20083475,0.21477766,0.32623376,-0.33410656",1.2980237,2,3,4,0,1.274808,1.125311,-0.149497,38,33,64009
stress_balanced_r010_t001_B_r0_rep4,stress_balanced_r010_t001,target_strongest_5,5,0,500,500,1000,4,low_01,"stress_balanced_r010_t001_e0021,stress_balanced_r010_t001_e0016,stress_balanced_r010_t001_e0006,stress_balanced_r010_t001_e0007,stress_balanced_r010_t001_e0031","6,1,17,14,11","8,7,2,2,15","-1,1,-1,1,1","-0.39965561,0.39539898,-0.38193888,0.36717695,0.36564161",1.90981203,3,2,4,0,1.274808,1.099087,-0.175721,38,33,
stress_balanced_r010_t001_C_r0_rep4,stress_balanced_r010_t001,target_hub_outgoing_5,5,0,500,500,1000,4,low_01,"stress_balanced_r010_t001_e0027,stress_balanced_r010_t001_e0000,stress_balanced_r010_t001_e0007,stress_balanced_r010_t001_e0030,stress_balanced_r010_t001_e0004","14,14,14,14,14","13,0,2,15,1","1,-1,1,1,-1","0.24490732,-0.28121514,0.36717695,0.31152901,-0.29244076",1.49726918,3,2,4,0,1.274808,1.318962,0.044154,38,33,64000
stress_balanced_r010_t001_D_r0_rep4,stress_balanced_r010_t001,target_largest_scc_internal_5,5,0,500,500,1000,4,low_01,"stress_balanced_r010_t001_e0002,stress_balanced_r010_t001_e0000,stress_balanced_r010_t001_e0023,stress_balanced_r010_t001_e0036,stress_balanced_r010_t001_e0035","6,14,1,8,3","1,0,9,18,18","-1,-1,1,-1,1","-0.22711048,-0.28121514,0.23896391,-0.33410656,0.32480702",1.40620311,2,3,5,0,1.274808,1.149611,-0.125197,38,33,64000
stress_balanced_r010_t003_A_r0_rep0,stress_balanced_r010_t003,random_delete_5,5,0,500,500,1000,0,high_00,"stress_balanced_r010_t003_e0008,stress_balanced_r010_t003_e0006,stress_balanced_r010_t003_e0011,stress_balanced_r010_t003_e0014,stress_balanced_r010_t003_e0019","13,2,19,3,11","6,6,7,8,9","-1,1,-1,1,-1","-0.26412495,0.31966555,-0.26141148,0.31079535,-0.20053643",1.35653376,2,3,5,0,1.082398,1.151911,0.069513,38,33,70000
stress_balanced_r010_t003_A_r1_rep0,stress_balanced_r010_t003,random_delete_5,5,1,500,500,1000,0,high_00,"stress_balanced_r010_t003_e0022,stress_balanced_r010_t003_e0033,stress_balanced_r010_t003_e0013,stress_balanced_r010_t003_e0024,stress_balanced_r010_t003_e0009","0,18,3,14,11","11,17,7,12,6","1,1,-1,1,1","0.34719509,0.35805857,-0.30790941,0.20600916,0.2032647",1.42243693,4,1,5,0,1.082398,1.110879,0.028481,38,33,70001
stress_balanced_r010_t003_A_r2_rep0,stress_balanced_r010_t003,random_delete_5,5,2,500,500,1000,0,high_00,"stress_balanced_r010_t003_e0014,stress_balanced_r010_t003_e0028,stress_balanced_r010_t003_e0001,stress_balanced_r010_t003_e0008,stress_balanced_r010_t003_e0012","3,18,18,13,0","8,13,1,6,7","1,-1,-1,-1,-1","0.31079535,-0.36439373,-0.30945394,-0.26412495,-0.34167669",1.59044466,1,4,5,0,1.082398,1.093021,0.010623,38,33,70002
stress_balanced_r010_t003_A_r3_rep0,stress_balanced_r010_t003,random_delete_5,5,3,500,500,1000,0,high_00,"stress_balanced_r010_t003_e0037,stress_balanced_r010_t003_e0020,stress_balanced_r010_t003_e0009,stress_balanced_r010_t003_e0012,stress_balanced_r010_t003_e0005","12,12,11,0,1","19,10,6,7,3","-1,1,1,-1,-1","-0.2295275,0.35867171,0.2032647,-0.34167669,-0.23417414",1.36731474,2,3,4,0,1.082398,1.11529,0.032892,38,33,70003
stress_balanced_r010_t003_A_r4_rep0,stress_balanced_r010_t003,random_delete_5,5,4,500,500,1000,0,high_00,"stress_balanced_r010_t003_e0011,stress_balanced_r010_t003_e0000,stress_balanced_r010_t003_e0008,stress_balanced_r010_t003_e0031,stress_balanced_r010_t003_e0004","19,19,13,6,4","7,0,6,16,3","-1,1,-1,1,-1","-0.26141148,0.35358344,-0.26412495,0.32235973,-0.27231192",1.47379152,2,3,4,0,1.082398,1.056795,-0.025603,38,33,70004
stress_balanced_r010_t003_A_r5_rep0,stress_balanced_r010_t003,random_delete_5,5,5,500,500,1000,0,high_00,"stress_balanced_r010_t003_e0009,stress_balanced_r010_t003_e0032,stress_balanced_r010_t003_e0020,stress_balanced_r010_t003_e0008,stress_balanced_r010_t003_e0017","11,2,12,13,15","6,17,10,6,9","1,1,1,-1,1","0.2032647,0.31326,0.35867171,-0.26412495,0.27842353",1.41774489,4,1,3,0,1.082398,1.143013,0.060615,38,33,70005
stress_balanced_r010_t003_A_r6_rep0,stress_balanced_r010_t003,random_delete_5,5,6,500,500,1000,0,high_00,"stress_balanced_r010_t003_e0030,stress_balanced_r010_t003_e0000,stress_balanced_r010_t003_e0025,stress_balanced_r010_t003_e0032,stress_balanced_r010_t003_e0011","19,19,8,2,19","14,0,12,17,7","1,1,1,1,-1","0.36604431,0.35358344,0.29443317,0.31326,-0.26141148",1.5887324,4,1,5,0,1.082398,1.116903,0.034505,38,33,70006
stress_balanced_r010_t003_A_r7_rep0,stress_balanced_r010_t003,random_delete_5,5,7,500,500,1000,0,high_00,"stress_balanced_r010_t003_e0018,stress_balanced_r010_t003_e0037,stress_balanced_r010_t003_e0026,stress_balanced_r010_t003_e0034,stress_balanced_r010_t003_e0002","3,12,15,12,12","9,19,12,17,1","1,-1,-1,1,-1","0.34206829,-0.2295275,-0.39381194,0.39222178,-0.27504692",1.63267643,2,3,4,0,1.082398,1.086352,0.003954,38,33,70007
stress_balanced_r010_t003_A_r8_rep0,stress_balanced_r010_t003,random_delete_5,5,8,500,500,1000,0,high_00,"stress_balanced_r010_t003_e0029,stress_balanced_r010_t003_e0033,stress_balanced_r010_t003_e0011,stress_balanced_r010_t003_e0025,stress_balanced_r010_t003_e0031","1,18,19,8,6","14,17,7,12,16","-1,1,-1,1,1","-0.24192458,0.35805857,-0.26141148,0.29443317,0.32235973",1.47818753,3,2,5,0,1.082398,1.086925,0.004527,38,33,70008
stress_balanced_r010_t003_A_r9_rep0,stress_balanced_r010_t003,random_delete_5,5,9,500,500,1000,0,high_00,"stress_balanced_r010_t003_e0014,stress_balanced_r010_t003_e0020,stress_balanced_r010_t003_e0031,stress_balanced_r010_t003_e0034,stress_balanced_r010_t003_e0003","3,12,6,12,9","8,10,16,17,2","1,1,1,1,1","0.31079535,0.35867171,0.32235973,0.39222178,0.23187106",1.61591963,5,0,4,0,1.082398,0.988056,-0.094342,38,33,70009
stress_balanced_r010_t003_B_r0_rep0,stress_balanced_r010_t003,target_strongest_5,5,0,500,500,1000,0,high_00,"stress_balanced_r010_t003_e0026,stress_balanced_r010_t003_e0034,stress_balanced_r010_t003_e0023,stress_balanced_r010_t003_e0030,stress_balanced_r010_t003_e0028","15,12,7,19,18","12,17,11,14,13","-1,1,1,1,-1","-0.39381194,0.39222178,0.38758321,0.36604431,-0.36439373",1.90405497,3,2,4,0,1.082398,1.092149,0.009751,38,33,
stress_balanced_r010_t003_C_r0_rep0,stress_balanced_r010_t003,target_hub_outgoing_5,5,0,500,500,1000,0,high_00,"stress_balanced_r010_t003_e0034,stress_balanced_r010_t003_e0030,stress_balanced_r010_t003_e0000,stress_balanced_r010_t003_e0011,stress_balanced_r010_t003_e0002","12,19,19,19,12","17,14,0,7,1","1,1,1,-1,-1","0.39222178,0.36604431,0.35358344,-0.26141148,-0.27504692",1.64830793,3,2,5,0,1.082398,1.086038,0.00364,38,33,70000
stress_balanced_r010_t003_D_r0_rep0,stress_balanced_r010_t003,target_largest_scc_internal_5,5,0,500,500,1000,0,high_00,"stress_balanced_r010_t003_e0018,stress_balanced_r010_t003_e0009,stress_balanced_r010_t003_e0000,stress_balanced_r010_t003_e0007,stress_balanced_r010_t003_e0037","3,11,19,14,12","9,6,0,6,19","1,1,1,1,-1","0.34206829,0.2032647,0.35358344,0.25385947,-0.2295275",1.3823034,4,1,5,0,1.082398,1.129269,0.046871,38,33,70000
stress_balanced_r010_t005_A_r0_rep0,stress_balanced_r010_t005,random_delete_5,5,0,500,500,1000,0,low_00,"stress_balanced_r010_t005_e0018,stress_balanced_r010_t005_e0029,stress_balanced_r010_t005_e0025,stress_balanced_r010_t005_e0000,stress_balanced_r010_t005_e0036","0,2,7,8,8","10,15,12,0,19","-1,1,-1,-1,-1","-0.36310615,0.38687475,-0.3322138,-0.30972276,-0.28606705",1.67798451,1,4,5,0,1.389686,1.192136,-0.19755,38,33,80000
stress_balanced_r010_t005_A_r1_rep0,stress_balanced_r010_t005,random_delete_5,5,1,500,500,1000,0,low_00,"stress_balanced_r010_t005_e0003,stress_balanced_r010_t005_e0010,stress_balanced_r010_t005_e0009,stress_balanced_r010_t005_e0014,stress_balanced_r010_t005_e0029","16,13,0,15,2","3,6,4,7,15","-1,1,1,-1,1","-0.30058886,0.22246626,0.2294019,-0.2469367,0.38687475",1.38626847,3,2,5,0,1.389686,1.293579,-0.096107,38,33,80001
stress_balanced_r010_t005_A_r2_rep0,stress_balanced_r010_t005,random_delete_5,5,2,500,500,1000,0,low_00,"stress_balanced_r010_t005_e0027,stress_balanced_r010_t005_e0013,stress_balanced_r010_t005_e0030,stress_balanced_r010_t005_e0008,stress_balanced_r010_t005_e0001","12,18,19,12,19","14,7,16,4,0","-1,-1,1,-1,1","-0.33297985,-0.3241531,0.29245065,-0.29854061,0.32586394",1.57398815,2,3,5,0,1.389686,1.348243,-0.041443,38,33,80002
stress_balanced_r010_t005_A_r3_rep0,stress_balanced_r010_t005,random_delete_5,5,3,500,500,1000,0,low_00,"stress_balanced_r010_t005_e0035,stress_balanced_r010_t005_e0005,stress_balanced_r010_t005_e0028,stress_balanced_r010_t005_e0017,stress_balanced_r010_t005_e0022","7,13,10,17,15","19,3,15,9,12","1,-1,1,1,1","0.28049414,-0.27963688,0.22158651,0.36484025,0.20848795",1.35504573,4,1,4,0,1.389686,1.31498,-0.074706,38,33,80003
stress_balanced_r010_t005_A_r4_rep0,stress_balanced_r010_t005,random_delete_5,5,4,500,500,1000,0,low_00,"stress_balanced_r010_t005_e0023,stress_balanced_r010_t005_e0003,stress_balanced_r010_t005_e0010,stress_balanced_r010_t005_e0026,stress_balanced_r010_t005_e0035","10,16,13,19,7","12,3,6,13,19","-1,-1,1,-1,1","-0.2034133,-0.30058886,0.22246626,-0.20458951,0.28049414",1.21155207,2,3,5,0,1.389686,1.408232,0.018546,38,33,80004
stress_balanced_r010_t005_A_r5_rep0,stress_balanced_r010_t005,random_delete_5,5,5,500,500,1000,0,low_00,"stress_balanced_r010_t005_e0001,stress_balanced_r010_t005_e0026,stress_balanced_r010_t005_e0025,stress_balanced_r010_t005_e0000,stress_balanced_r010_t005_e0005","19,19,7,8,13","0,13,12,0,3","1,-1,-1,-1,-1","0.32586394,-0.20458951,-0.3322138,-0.30972276,-0.27963688",1.45202689,1,4,5,0,1.389686,1.223933,-0.165753,38,33,80005
stress_balanced_r010_t005_A_r6_rep0,stress_balanced_r010_t005,random_delete_5,5,6,500,500,1000,0,low_00,"stress_balanced_r010_t005_e0037,stress_balanced_r010_t005_e0034,stress_balanced_r010_t005_e0020,stress_balanced_r010_t005_e0032,stress_balanced_r010_t005_e0007","1,3,6,6,15","19,19,10,18,3","1,1,1,-1,-1","0.32108951,0.31042153,0.38057897,-0.34641504,-0.27521714",1.63372219,3,2,4,0,1.389686,1.31883,-0.070856,38,33,80006
stress_balanced_r010_t005_A_r7_rep0,stress_balanced_r010_t005,random_delete_5,5,7,500,500,1000,0,low_00,"stress_balanced_r010_t005_e0025,stress_balanced_r010_t005_e0032,stress_balanced_r010_t005_e0008,stress_balanced_r010_t005_e0017,stress_balanced_r010_t005_e0002","7,6,12,17,19","12,18,4,9,2","-1,-1,-1,1,-1","-0.3322138,-0.34641504,-0.29854061,0.36484025,-0.32171175",1.66372145,1,4,4,0,1.389686,1.366293,-0.023393,38,33,80007
stress_balanced_r010_t005_A_r8_rep0,stress_balanced_r010_t005,random_delete_5,5,8,500,500,1000,0,low_00,"stress_balanced_r010_t005_e0016,stress_balanced_r010_t005_e0000,stress_balanced_r010_t005_e0017,stress_balanced_r010_t005_e0028,stress_balanced_r010_t005_e0021","10,8,17,10,19","9,0,9,15,11","-1,-1,1,1,1","-0.21370559,-0.30972276,0.36484025,0.22158651,0.27141449",1.3812696,3,2,2,0,1.389686,1.293401,-0.096285,38,33,80008
stress_balanced_r010_t005_A_r9_rep0,stress_balanced_r010_t005,random_delete_5,5,9,500,500,1000,0,low_00,"stress_balanced_r010_t005_e0036,stress_balanced_r010_t005_e0011,stress_balanced_r010_t005_e0023,stress_balanced_r010_t005_e0029,stress_balanced_r010_t005_e0014","8,10,10,2,15","19,6,12,15,7","-1,1,-1,1,-1","-0.28606705,0.34214256,-0.2034133,0.38687475,-0.2469367",1.46543436,2,3,5,0,1.389686,1.291669,-0.098017,38,33,80009
stress_balanced_r010_t005_B_r0_rep0,stress_balanced_r010_t005,target_strongest_5,5,0,500,500,1000,0,low_00,"stress_balanced_r010_t005_e0033,stress_balanced_r010_t005_e0029,stress_balanced_r010_t005_e0020,stress_balanced_r010_t005_e0017,stress_balanced_r010_t005_e0018","10,2,6,17,0","19,15,10,9,10","-1,1,1,1,-1","-0.39665724,0.38687475,0.38057897,0.36484025,-0.36310615",1.89205736,3,2,4,0,1.389686,1.12205,-0.267636,38,33,
stress_balanced_r010_t005_C_r0_rep0,stress_balanced_r010_t005,target_hub_outgoing_5,5,0,500,500,1000,0,low_00,"stress_balanced_r010_t005_e0023,stress_balanced_r010_t005_e0033,stress_balanced_r010_t005_e0028,stress_balanced_r010_t005_e0011,stress_balanced_r010_t005_e0015","10,10,10,10,10","12,19,15,6,8","-1,-1,1,1,1","-0.2034133,-0.39665724,0.22158651,0.34214256,0.26798908",1.43178869,3,2,5,0,1.389686,1.240252,-0.149434,38,33,80000
stress_balanced_r010_t005_D_r0_rep0,stress_balanced_r010_t005,target_largest_scc_internal_5,5,0,500,500,1000,0,low_00,"stress_balanced_r010_t005_e0003,stress_balanced_r010_t005_e0032,stress_balanced_r010_t005_e0005,stress_balanced_r010_t005_e0015,stress_balanced_r010_t005_e0006","16,6,13,10,12","3,18,3,8,3","-1,-1,-1,1,-1","-0.30058886,-0.34641504,-0.27963688,0.26798908,-0.27227597",1.46690583,1,4,5,0,1.389686,1.372881,-0.016805,38,33,80000
stress_balanced_r010_t005_A_r0_rep1,stress_balanced_r010_t005,random_delete_5,5,0,500,500,1000,1,medium_00,"stress_balanced_r010_t005_e0028,stress_balanced_r010_t005_e0017,stress_balanced_r010_t005_e0036,stress_balanced_r010_t005_e0015,stress_balanced_r010_t005_e0024","10,17,8,10,14","15,9,19,8,12","1,1,-1,1,1","0.22158651,0.36484025,-0.28606705,0.26798908,0.20448343",1.34496632,4,1,4,0,1.389686,1.267449,-0.122237,38,33,81000
stress_balanced_r010_t005_A_r1_rep1,stress_balanced_r010_t005,random_delete_5,5,1,500,500,1000,1,medium_00,"stress_balanced_r010_t005_e0010,stress_balanced_r010_t005_e0020,stress_balanced_r010_t005_e0017,stress_balanced_r010_t005_e0037,stress_balanced_r010_t005_e0035","13,6,17,1,7","6,10,9,19,19","1,1,1,1,1","0.22246626,0.38057897,0.36484025,0.32108951,0.28049414",1.56946913,5,0,3,0,1.389686,1.320984,-0.068702,38,33,81001
stress_balanced_r010_t005_A_r2_rep1,stress_balanced_r010_t005,random_delete_5,5,2,500,500,1000,1,medium_00,"stress_balanced_r010_t005_e0024,stress_balanced_r010_t005_e0026,stress_balanced_r010_t005_e0003,stress_balanced_r010_t005_e0010,stress_balanced_r010_t005_e0020","14,19,16,13,6","12,13,3,6,10","1,-1,-1,1,1","0.20448343,-0.20458951,-0.30058886,0.22246626,0.38057897",1.31270703,3,2,5,0,1.389686,1.347643,-0.042043,38,33,81002
stress_balanced_r010_t005_A_r3_rep1,stress_balanced_r010_t005,random_delete_5,5,3,500,500,1000,1,medium_00,"stress_balanced_r010_t005_e0034,stress_balanced_r010_t005_e0000,stress_balanced_r010_t005_e0018,stress_balanced_r010_t005_e0030,stress_balanced_r010_t005_e0033","3,8,0,19,10","19,0,10,16,19","1,-1,-1,1,-1","0.31042153,-0.30972276,-0.36310615,0.29245065,-0.39665724",1.67235833,2,3,5,0,1.389686,1.172376,-0.21731,38,33,81003
stress_balanced_r010_t005_A_r4_rep1,stress_balanced_r010_t005,random_delete_5,5,4,500,500,1000,1,medium_00,"stress_balanced_r010_t005_e0011,stress_balanced_r010_t005_e0010,stress_balanced_r010_t005_e0013,stress_balanced_r010_t005_e0030,stress_balanced_r010_t005_e0019","10,13,18,19,12","6,6,7,16,10","1,1,-1,1,1","0.34214256,0.22246626,-0.3241531,0.29245065,0.22914537",1.41035794,4,1,5,0,1.389686,1.353474,-0.036212,38,33,81004
stress_balanced_r010_t005_A_r5_rep1,stress_balanced_r010_t005,random_delete_5,5,5,500,500,1000,1,medium_00,"stress_balanced_r010_t005_e0024,stress_balanced_r010_t005_e0003,stress_balanced_r010_t005_e0015,stress_balanced_r010_t005_e0027,stress_balanced_r010_t005_e0023","14,16,10,12,10","12,3,8,14,12","1,-1,1,-1,-1","0.20448343,-0.30058886,0.26798908,-0.33297985,-0.2034133",1.30945452,2,3,5,0,1.389686,1.403285,0.013599,38,33,81005
stress_balanced_r010_t005_A_r6_rep1,stress_balanced_r010_t005,random_delete_5,5,6,500,500,1000,1,medium_00,"stress_balanced_r010_t005_e0011,stress_balanced_r010_t005_e0002,stress_balanced_r010_t005_e0004,stress_balanced_r010_t005_e0020,stress_balanced_r010_t005_e0001","10,19,4,6,19","6,2,3,10,0","1,-1,1,1,1","0.34214256,-0.32171175,0.23649291,0.38057897,0.32586394",1.60679013,4,1,5,0,1.389686,1.096549,-0.293137,38,33,81006
stress_balanced_r010_t005_A_r7_rep1,stress_balanced_r010_t005,random_delete_5,5,7,500,500,1000,1,medium_00,"stress_balanced_r010_t005_e0013,stress_balanced_r010_t005_e0030,stress_balanced_r010_t005_e0026,stress_balanced_r010_t005_e0008,stress_balanced_r010_t005_e0006","18,19,19,12,12","7,16,13,4,3","-1,1,-1,-1,-1","-0.3241531,0.29245065,-0.20458951,-0.29854061,-0.27227597",1.39200984,1,4,5,0,1.389686,1.39524,0.005554,38,33,81007
stress_balanced_r010_t005_A_r8_rep1,stress_balanced_r010_t005,random_delete_5,5,8,500,500,1000,1,medium_00,"stress_balanced_r010_t005_e0004,stress_balanced_r010_t005_e0029,stress_balanced_r010_t005_e0007,stress_balanced_r010_t005_e0013,stress_balanced_r010_t005_e0001","4,2,15,18,19","3,15,3,7,0","1,1,-1,-1,1","0.23649291,0.38687475,-0.27521714,-0.3241531,0.32586394",1.54860184,3,2,5,0,1.389686,1.280121,-0.109565,38,33,81008
stress_balanced_r010_t005_A_r9_rep1,stress_balanced_r010_t005,random_delete_5,5,9,500,500,1000,1,medium_00,"stress_balanced_r010_t005_e0035,stress_balanced_r010_t005_e0006,stress_balanced_r010_t005_e0029,stress_balanced_r010_t005_e0005,stress_balanced_r010_t005_e0007","7,12,2,13,15","19,3,15,3,3","1,-1,1,-1,-1","0.28049414,-0.27227597,0.38687475,-0.27963688,-0.27521714",1.49449888,2,3,5,0,1.389686,1.335158,-0.054528,38,33,81009
stress_balanced_r010_t005_B_r0_rep1,stress_balanced_r010_t005,target_strongest_5,5,0,500,500,1000,1,medium_00,"stress_balanced_r010_t005_e0033,stress_balanced_r010_t005_e0029,stress_balanced_r010_t005_e0020,stress_balanced_r010_t005_e0017,stress_balanced_r010_t005_e0018","10,2,6,17,0","19,15,10,9,10","-1,1,1,1,-1","-0.39665724,0.38687475,0.38057897,0.36484025,-0.36310615",1.89205736,3,2,4,0,1.389686,1.12205,-0.267636,38,33,
stress_balanced_r010_t005_C_r0_rep1,stress_balanced_r010_t005,target_hub_outgoing_5,5,0,500,500,1000,1,medium_00,"stress_balanced_r010_t005_e0016,stress_balanced_r010_t005_e0033,stress_balanced_r010_t005_e0015,stress_balanced_r010_t005_e0011,stress_balanced_r010_t005_e0023","10,10,10,10,10","9,19,8,6,12","-1,-1,1,1,-1","-0.21370559,-0.39665724,0.26798908,0.34214256,-0.2034133",1.42390777,2,3,4,0,1.389686,1.299625,-0.090061,38,33,81000
stress_balanced_r010_t005_D_r0_rep1,stress_balanced_r010_t005,target_largest_scc_internal_5,5,0,500,500,1000,1,medium_00,"stress_balanced_r010_t005_e0014,stress_balanced_r010_t005_e0034,stress_balanced_r010_t005_e0029,stress_balanced_r010_t005_e0031,stress_balanced_r010_t005_e0035","15,3,2,12,7","7,19,15,18,19","-1,1,1,1,1","-0.2469367,0.31042153,0.38687475,0.338651,0.28049414",1.56337812,4,1,5,0,1.389686,1.342473,-0.047213,38,33,81000
stress_balanced_r010_t005_A_r0_rep2,stress_balanced_r010_t005,random_delete_5,5,0,500,500,1000,2,high_00,"stress_balanced_r010_t005_e0029,stress_balanced_r010_t005_e0026,stress_balanced_r010_t005_e0017,stress_balanced_r010_t005_e0016,stress_balanced_r010_t005_e0005","2,19,17,10,13","15,13,9,9,3","1,-1,1,-1,-1","0.38687475,-0.20458951,0.36484025,-0.21370559,-0.27963688",1.44964698,2,3,3,0,1.389686,1.312809,-0.076877,38,33,82000
stress_balanced_r010_t005_A_r1_rep2,stress_balanced_r010_t005,random_delete_5,5,1,500,500,1000,2,high_00,"stress_balanced_r010_t005_e0027,stress_balanced_r010_t005_e0004,stress_balanced_r010_t005_e0007,stress_balanced_r010_t005_e0018,stress_balanced_r010_t005_e0014","12,4,15,0,15","14,3,3,10,7","-1,1,-1,-1,-1","-0.33297985,0.23649291,-0.27521714,-0.36310615,-0.2469367",1.45473275,1,4,5,0,1.389686,1.208003,-0.181683,38,33,82001
stress_balanced_r010_t005_A_r2_rep2,stress_balanced_r010_t005,random_delete_5,5,2,500,500,1000,2,high_00,"stress_balanced_r010_t005_e0000,stress_balanced_r010_t005_e0030,stress_balanced_r010_t005_e0031,stress_balanced_r010_t005_e0024,stress_balanced_r010_t005_e0037","8,19,12,14,1","0,16,18,12,19","-1,1,1,1,1","-0.30972276,0.29245065,0.338651,0.20448343,0.32108951",1.46639735,4,1,4,0,1.389686,1.383632,-0.006054,38,33,82002
stress_balanced_r010_t005_A_r3_rep2,stress_balanced_r010_t005,random_delete_5,5,3,500,500,1000,2,high_00,"stress_balanced_r010_t005_e0005,stress_balanced_r010_t005_e0022,stress_balanced_r010_t005_e0007,stress_balanced_r010_t005_e0004,stress_balanced_r010_t005_e0032","13,15,15,4,6","3,12,3,3,18","-1,1,-1,1,-1","-0.27963688,0.20848795,-0.27521714,0.23649291,-0.34641504",1.34624992,2,3,5,0,1.389686,1.351199,-0.038487,38,33,82003
stress_balanced_r010_t005_A_r4_rep2,stress_balanced_r010_t005,random_delete_5,5,4,500,500,1000,2,high_00,"stress_balanced_r010_t005_e0009,stress_balanced_r010_t005_e0026,stress_balanced_r010_t005_e0011,stress_balanced_r010_t005_e0013,stress_balanced_r010_t005_e0020","0,19,10,18,6","4,13,6,7,10","1,-1,1,-1,1","0.2294019,-0.20458951,0.34214256,-0.3241531,0.38057897",1.48086604,3,2,5,0,1.389686,1.323774,-0.065912,38,33,82004
stress_balanced_r010_t005_A_r5_rep2,stress_balanced_r010_t005,random_delete_5,5,5,500,500,1000,2,high_00,"stress_balanced_r010_t005_e0035,stress_balanced_r010_t005_e0016,stress_balanced_r010_t005_e0027,stress_balanced_r010_t005_e0008,stress_balanced_r010_t005_e0026","7,10,12,12,19","19,9,14,4,13","1,-1,-1,-1,-1","0.28049414,-0.21370559,-0.33297985,-0.29854061,-0.20458951",1.3303097,1,4,4,0,1.389686,1.363608,-0.026078,38,33,82005
stress_balanced_r010_t005_A_r6_rep2,stress_balanced_r010_t005,random_delete_5,5,6,500,500,1000,2,high_00,"stress_balanced_r010_t005_e0006,stress_balanced_r010_t005_e0009,stress_balanced_r010_t005_e0017,stress_balanced_r010_t005_e0022,stress_balanced_r010_t005_e0024","12,0,17,15,14","3,4,9,12,12","-1,1,1,1,1","-0.27227597,0.2294019,0.36484025,0.20848795,0.20448343",1.2794895,4,1,4,0,1.389686,1.344701,-0.044985,38,33,82006
stress_balanced_r010_t005_A_r7_rep2,stress_balanced_r010_t005,random_delete_5,5,7,500,500,1000,2,high_00,"stress_balanced_r010_t005_e0008,stress_balanced_r010_t005_e0029,stress_balanced_r010_t005_e0017,stress_balanced_r010_t005_e0026,stress_balanced_r010_t005_e0033","12,2,17,19,10","4,15,9,13,19","-1,1,1,-1,-1","-0.29854061,0.38687475,0.36484025,-0.20458951,-0.39665724",1.65150236,2,3,4,0,1.389686,1.235311,-0.154375,38,33,82007
stress_balanced_r010_t005_A_r8_rep2,stress_balanced_r010_t005,random_delete_5,5,8,500,500,1000,2,high_00,"stress_balanced_r010_t005_e0029,stress_balanced_r010_t005_e0003,stress_balanced_r010_t005_e0016,stress_balanced_r010_t005_e0006,stress_balanced_r010_t005_e0011","2,16,10,12,10","15,3,9,3,6","1,-1,-1,-1,1","0.38687475,-0.30058886,-0.21370559,-0.27227597,0.34214256",1.51558773,2,3,4,0,1.389686,1.319185,-0.070501,38,33,82008
stress_balanced_r010_t005_A_r9_rep2,stress_balanced_r010_t005,random_delete_5,5,9,500,500,1000,2,high_00,"stress_balanced_r010_t005_e0030,stress_balanced_r010_t005_e0031,stress_balanced_r010_t005_e0010,stress_balanced_r010_t005_e0006,stress_balanced_r010_t005_e0032","19,12,13,12,6","16,18,6,3,18","1,1,1,-1,-1","0.29245065,0.338651,0.22246626,-0.27227597,-0.34641504",1.47225892,3,2,5,0,1.389686,1.405098,0.015412,38,33,82009
stress_balanced_r010_t005_B_r0_rep2,stress_balanced_r010_t005,target_strongest_5,5,0,500,500,1000,2,high_00,"stress_balanced_r010_t005_e0033,stress_balanced_r010_t005_e0029,stress_balanced_r010_t005_e0020,stress_balanced_r010_t005_e0017,stress_balanced_r010_t005_e0018","10,2,6,17,0","19,15,10,9,10","-1,1,1,1,-1","-0.39665724,0.38687475,0.38057897,0.36484025,-0.36310615",1.89205736,3,2,4,0,1.389686,1.12205,-0.267636,38,33,
stress_balanced_r010_t005_C_r0_rep2,stress_balanced_r010_t005,target_hub_outgoing_5,5,0,500,500,1000,2,high_00,"stress_balanced_r010_t005_e0033,stress_balanced_r010_t005_e0016,stress_balanced_r010_t005_e0011,stress_balanced_r010_t005_e0015,stress_balanced_r010_t005_e0028","10,10,10,10,10","19,9,6,8,15","-1,-1,1,1,1","-0.39665724,-0.21370559,0.34214256,0.26798908,0.22158651",1.44208098,3,2,4,0,1.389686,1.182185,-0.207501,38,33,82000
stress_balanced_r010_t005_D_r0_rep2,stress_balanced_r010_t005,target_largest_scc_internal_5,5,0,500,500,1000,2,high_00,"stress_balanced_r010_t005_e0018,stress_balanced_r010_t005_e0015,stress_balanced_r010_t005_e0000,stress_balanced_r010_t005_e0035,stress_balanced_r010_t005_e0005","0,10,8,7,13","10,8,0,19,3","-1,1,-1,1,-1","-0.36310615,0.26798908,-0.30972276,0.28049414,-0.27963688",1.50094901,2,3,5,0,1.389686,1.256269,-0.133417,38,33,82000
stress_balanced_r010_t005_A_r0_rep3,stress_balanced_r010_t005,random_delete_5,5,0,500,500,1000,3,sparse_00,"stress_balanced_r010_t005_e0036,stress_balanced_r010_t005_e0024,stress_balanced_r010_t005_e0030,stress_balanced_r010_t005_e0019,stress_balanced_r010_t005_e0023","8,14,19,12,10","19,12,16,10,12","-1,1,1,1,-1","-0.28606705,0.20448343,0.29245065,0.22914537,-0.2034133",1.2155598,3,2,5,0,1.389686,1.403227,0.013541,38,33,83000
stress_balanced_r010_t005_A_r1_rep3,stress_balanced_r010_t005,random_delete_5,5,1,500,500,1000,3,sparse_00,"stress_balanced_r010_t005_e0017,stress_balanced_r010_t005_e0009,stress_balanced_r010_t005_e0029,stress_balanced_r010_t005_e0020,stress_balanced_r010_t005_e0035","17,0,2,6,7","9,4,15,10,19","1,1,1,1,1","0.36484025,0.2294019,0.38687475,0.38057897,0.28049414",1.64219001,5,0,4,0,1.389686,1.186892,-0.202794,38,33,83001
stress_balanced_r010_t005_A_r2_rep3,stress_balanced_r010_t005,random_delete_5,5,2,500,500,1000,3,sparse_00,"stress_balanced_r010_t005_e0000,stress_balanced_r010_t005_e0033,stress_balanced_r010_t005_e0016,stress_balanced_r010_t005_e0006,stress_balanced_r010_t005_e0004","8,10,10,12,4","0,19,9,3,3","-1,-1,-1,-1,1","-0.30972276,-0.39665724,-0.21370559,-0.27227597,0.23649291",1.42885447,1,4,4,0,1.389686,1.2629,-0.126786,38,33,83002
stress_balanced_r010_t005_A_r3_rep3,stress_balanced_r010_t005,random_delete_5,5,3,500,500,1000,3,sparse_00,"stress_balanced_r010_t005_e0036,stress_balanced_r010_t005_e0024,stress_balanced_r010_t005_e0021,stress_balanced_r010_t005_e0014,stress_balanced_r010_t005_e0033","8,14,19,15,10","19,12,11,7,19","-1,1,1,-1,-1","-0.28606705,0.20448343,0.27141449,-0.2469367,-0.39665724",1.40555891,2,3,4,0,1.389686,1.257299,-0.132387,38,33,83003
stress_balanced_r010_t005_A_r4_rep3,stress_balanced_r010_t005,random_delete_5,5,4,500,500,1000,3,sparse_00,"stress_balanced_r010_t005_e0032,stress_balanced_r010_t005_e0024,stress_balanced_r010_t005_e0025,stress_balanced_r010_t005_e0030,stress_balanced_r010_t005_e0009","6,14,7,19,0","18,12,12,16,4","-1,1,-1,1,1","-0.34641504,0.20448343,-0.3322138,0.29245065,0.2294019",1.40496482,3,2,5,0,1.389686,1.402331,0.012645,38,33,83004
stress_balanced_r010_t005_A_r5_rep3,stress_balanced_r010_t005,random_delete_5,5,5,500,500,1000,3,sparse_00,"stress_balanced_r010_t005_e0011,stress_balanced_r010_t005_e0032,stress_balanced_r010_t005_e0035,stress_balanced_r010_t005_e0001,stress_balanced_r010_t005_e0034","10,6,7,19,3","6,18,19,0,19","1,-1,1,1,1","0.34214256,-0.34641504,0.28049414,0.32586394,0.31042153",1.60533721,4,1,5,0,1.389686,1.242907,-0.146779,38,33,83005
stress_balanced_r010_t005_A_r6_rep3,stress_balanced_r010_t005,random_delete_5,5,6,500,500,1000,3,sparse_00,"stress_balanced_r010_t005_e0018,stress_balanced_r010_t005_e0015,stress_balanced_r010_t005_e0005,stress_balanced_r010_t005_e0035,stress_balanced_r010_t005_e0001","0,10,13,7,19","10,8,3,19,0","-1,1,-1,1,1","-0.36310615,0.26798908,-0.27963688,0.28049414,0.32586394",1.51709019,3,2,5,0,1.389686,1.246314,-0.143372,38,33,83006
stress_balanced_r010_t005_A_r7_rep3,stress_balanced_r010_t005,random_delete_5,5,7,500,500,1000,3,sparse_00,"stress_balanced_r010_t005_e0021,stress_balanced_r010_t005_e0005,stress_balanced_r010_t005_e0020,stress_balanced_r010_t005_e0026,stress_balanced_r010_t005_e0019","19,13,6,19,12","11,3,10,13,10","1,-1,1,-1,1","0.27141449,-0.27963688,0.38057897,-0.20458951,0.22914537",1.36536522,3,2,4,0,1.389686,1.311059,-0.078627,38,33,83007
stress_balanced_r010_t005_A_r8_rep3,stress_balanced_r010_t005,random_delete_5,5,8,500,500,1000,3,sparse_00,"stress_balanced_r010_t005_e0013,stress_balanced_r010_t005_e0027,stress_balanced_r010_t005_e0015,stress_balanced_r010_t005_e0003,stress_balanced_r010_t005_e0014","18,12,10,16,15","7,14,8,3,7","-1,-1,1,-1,-1","-0.3241531,-0.33297985,0.26798908,-0.30058886,-0.2469367",1.47264759,1,4,5,0,1.389686,1.34749,-0.042196,38,33,83008
stress_balanced_r010_t005_A_r9_rep3,stress_balanced_r010_t005,random_delete_5,5,9,500,500,1000,3,sparse_00,"stress_balanced_r010_t005_e0034,stress_balanced_r010_t005_e0001,stress_balanced_r010_t005_e0023,stress_balanced_r010_t005_e0007,stress_balanced_r010_t005_e0015","3,19,10,15,10","19,0,12,3,8","1,1,-1,-1,1","0.31042153,0.32586394,-0.2034133,-0.27521714,0.26798908",1.38290499,3,2,5,0,1.389686,1.27483,-0.114856,38,33,83009
stress_balanced_r010_t005_B_r0_rep3,stress_balanced_r010_t005,target_strongest_5,5,0,500,500,1000,3,sparse_00,"stress_balanced_r010_t005_e0033,stress_balanced_r010_t005_e0029,stress_balanced_r010_t005_e0020,stress_balanced_r010_t005_e0017,stress_balanced_r010_t005_e0018","10,2,6,17,0","19,15,10,9,10","-1,1,1,1,-1","-0.39665724,0.38687475,0.38057897,0.36484025,-0.36310615",1.89205736,3,2,4,0,1.389686,1.12205,-0.267636,38,33,
stress_balanced_r010_t005_C_r0_rep3,stress_balanced_r010_t005,target_hub_outgoing_5,5,0,500,500,1000,3,sparse_00,"stress_balanced_r010_t005_e0023,stress_balanced_r010_t005_e0028,stress_balanced_r010_t005_e0033,stress_balanced_r010_t005_e0015,stress_balanced_r010_t005_e0016","10,10,10,10,10","12,15,19,8,9","-1,1,-1,1,-1","-0.2034133,0.22158651,-0.39665724,0.26798908,-0.21370559",1.30335172,2,3,4,0,1.389686,1.240977,-0.148709,38,33,83000
stress_balanced_r010_t005_D_r0_rep3,stress_balanced_r010_t005,target_largest_scc_internal_5,5,0,500,500,1000,3,sparse_00,"stress_balanced_r010_t005_e0024,stress_balanced_r010_t005_e0020,stress_balanced_r010_t005_e0022,stress_balanced_r010_t005_e0036,stress_balanced_r010_t005_e0009","14,6,15,8,0","12,10,12,19,4","1,1,1,-1,1","0.20448343,0.38057897,0.20848795,-0.28606705,0.2294019",1.3090193,4,1,5,0,1.389686,1.217305,-0.172381,38,33,83000
stress_balanced_r010_t005_A_r0_rep4,stress_balanced_r010_t005,random_delete_5,5,0,500,500,1000,4,low_01,"stress_balanced_r010_t005_e0036,stress_balanced_r010_t005_e0028,stress_balanced_r010_t005_e0019,stress_balanced_r010_t005_e0033,stress_balanced_r010_t005_e0027","8,10,12,10,12","19,15,10,19,14","-1,1,1,-1,-1","-0.28606705,0.22158651,0.22914537,-0.39665724,-0.33297985",1.46643602,2,3,5,0,1.389686,1.284515,-0.105171,38,33,84000
stress_balanced_r010_t005_A_r1_rep4,stress_balanced_r010_t005,random_delete_5,5,1,500,500,1000,4,low_01,"stress_balanced_r010_t005_e0035,stress_balanced_r010_t005_e0020,stress_balanced_r010_t005_e0011,stress_balanced_r010_t005_e0015,stress_balanced_r010_t005_e0001","7,6,10,10,19","19,10,6,8,0","1,1,1,1,1","0.28049414,0.38057897,0.34214256,0.26798908,0.32586394",1.59706869,5,0,5,0,1.389686,1.226534,-0.163152,38,33,84001
stress_balanced_r010_t005_A_r2_rep4,stress_balanced_r010_t005,random_delete_5,5,2,500,500,1000,4,low_01,"stress_balanced_r010_t005_e0029,stress_balanced_r010_t005_e0010,stress_balanced_r010_t005_e0013,stress_balanced_r010_t005_e0020,stress_balanced_r010_t005_e0027","2,13,18,6,12","15,6,7,10,14","1,1,-1,1,-1","0.38687475,0.22246626,-0.3241531,0.38057897,-0.33297985",1.64705293,3,2,5,0,1.389686,1.282709,-0.106977,38,33,84002
stress_balanced_r010_t005_A_r3_rep4,stress_balanced_r010_t005,random_delete_5,5,3,500,500,1000,4,low_01,"stress_balanced_r010_t005_e0009,stress_balanced_r010_t005_e0001,stress_balanced_r010_t005_e0014,stress_balanced_r010_t005_e0000,stress_balanced_r010_t005_e0021","0,19,15,8,19","4,0,7,0,11","1,1,-1,-1,1","0.2294019,0.32586394,-0.2469367,-0.30972276,0.27141449",1.38333979,3,2,4,0,1.389686,1.195455,-0.194231,38,33,84003
stress_balanced_r010_t005_A_r4_rep4,stress_balanced_r010_t005,random_delete_5,5,4,500,500,1000,4,low_01,"stress_balanced_r010_t005_e0008,stress_balanced_r010_t005_e0013,stress_balanced_r010_t005_e0018,stress_balanced_r010_t005_e0002,stress_balanced_r010_t005_e0012","12,18,0,19,1","4,7,10,2,6","-1,-1,-1,-1,-1","-0.29854061,-0.3241531,-0.36310615,-0.32171175,-0.30281802",1.61032963,0,5,4,0,1.389686,1.245594,-0.144092,38,33,84004
stress_balanced_r010_t005_A_r5_rep4,stress_balanced_r010_t005,random_delete_5,5,5,500,500,1000,4,low_01,"stress_balanced_r010_t005_e0029,stress_balanced_r010_t005_e0035,stress_balanced_r010_t005_e0016,stress_balanced_r010_t005_e0018,stress_balanced_r010_t005_e0010","2,7,10,0,13","15,19,9,10,6","1,1,-1,-1,1","0.38687475,0.28049414,-0.21370559,-0.36310615,0.22246626",1.46664689,3,2,4,0,1.389686,1.125278,-0.264408,38,33,84005
stress_balanced_r010_t005_A_r6_rep4,stress_balanced_r010_t005,random_delete_5,5,6,500,500,1000,4,low_01,"stress_balanced_r010_t005_e0008,stress_balanced_r010_t005_e0026,stress_balanced_r010_t005_e0032,stress_balanced_r010_t005_e0001,stress_balanced_r010_t005_e0027","12,19,6,19,12","4,13,18,0,14","-1,-1,-1,1,-1","-0.29854061,-0.20458951,-0.34641504,0.32586394,-0.33297985",1.50838895,1,4,5,0,1.389686,1.319054,-0.070632,38,33,84006
stress_balanced_r010_t005_A_r7_rep4,stress_balanced_r010_t005,random_delete_5,5,7,500,500,1000,4,low_01,"stress_balanced_r010_t005_e0011,stress_balanced_r010_t005_e0014,stress_balanced_r010_t005_e0028,stress_balanced_r010_t005_e0018,stress_balanced_r010_t005_e0013","10,15,10,0,18","6,7,15,10,7","1,-1,1,-1,-1","0.34214256,-0.2469367,0.22158651,-0.36310615,-0.3241531",1.49792502,2,3,5,0,1.389686,1.216571,-0.173115,38,33,84007
stress_balanced_r010_t005_A_r8_rep4,stress_balanced_r010_t005,random_delete_5,5,8,500,500,1000,4,low_01,"stress_balanced_r010_t005_e0037,stress_balanced_r010_t005_e0033,stress_balanced_r010_t005_e0031,stress_balanced_r010_t005_e0008,stress_balanced_r010_t005_e0019","1,10,12,12,12","19,19,18,4,10","1,-1,1,-1,1","0.32108951,-0.39665724,0.338651,-0.29854061,0.22914537",1.58408373,3,2,4,0,1.389686,1.31657,-0.073116,38,33,84008
stress_balanced_r010_t005_A_r9_rep4,stress_balanced_r010_t005,random_delete_5,5,9,500,500,1000,4,low_01,"stress_balanced_r010_t005_e0014,stress_balanced_r010_t005_e0031,stress_balanced_r010_t005_e0029,stress_balanced_r010_t005_e0012,stress_balanced_r010_t005_e0033","15,12,2,1,10","7,18,15,6,19","-1,1,1,-1,-1","-0.2469367,0.338651,0.38687475,-0.30281802,-0.39665724",1.67193771,2,3,4,0,1.389686,1.211154,-0.178532,38,33,84009
stress_balanced_r010_t005_B_r0_rep4,stress_balanced_r010_t005,target_strongest_5,5,0,500,500,1000,4,low_01,"stress_balanced_r010_t005_e0033,stress_balanced_r010_t005_e0029,stress_balanced_r010_t005_e0020,stress_balanced_r010_t005_e0017,stress_balanced_r010_t005_e0018","10,2,6,17,0","19,15,10,9,10","-1,1,1,1,-1","-0.39665724,0.38687475,0.38057897,0.36484025,-0.36310615",1.89205736,3,2,4,0,1.389686,1.12205,-0.267636,38,33,
stress_balanced_r010_t005_C_r0_rep4,stress_balanced_r010_t005,target_hub_outgoing_5,5,0,500,500,1000,4,low_01,"stress_balanced_r010_t005_e0033,stress_balanced_r010_t005_e0011,stress_balanced_r010_t005_e0015,stress_balanced_r010_t005_e0016,stress_balanced_r010_t005_e0028","10,10,10,10,10","19,6,8,9,15","-1,1,1,-1,1","-0.39665724,0.34214256,0.26798908,-0.21370559,0.22158651",1.44208098,3,2,4,0,1.389686,1.182185,-0.207501,38,33,84000
stress_balanced_r010_t005_D_r0_rep4,stress_balanced_r010_t005,target_largest_scc_internal_5,5,0,500,500,1000,4,low_01,"stress_balanced_r010_t005_e0002,stress_balanced_r010_t005_e0033,stress_balanced_r010_t005_e0026,stress_balanced_r010_t005_e0009,stress_balanced_r010_t005_e0031","19,10,19,0,12","2,19,13,4,18","-1,-1,-1,1,1","-0.32171175,-0.39665724,-0.20458951,0.2294019,0.338651",1.4910114,2,3,5,0,1.389686,1.24856,-0.141126,38,33,84000
stress_balanced_r010_t007_A_r0_rep0,stress_balanced_r010_t007,random_delete_5,5,0,500,500,1000,0,low_00,"stress_balanced_r010_t007_e0025,stress_balanced_r010_t007_e0031,stress_balanced_r010_t007_e0001,stress_balanced_r010_t007_e0008,stress_balanced_r010_t007_e0029","12,5,18,19,7","13,16,0,7,15","1,1,-1,1,-1","0.26964822,0.31616816,-0.3359547,0.39772482,-0.24838047",1.56787637,3,2,1,0,1.155008,1.16602,0.011012,38,33,90000
stress_balanced_r010_t007_A_r1_rep0,stress_balanced_r010_t007,random_delete_5,5,1,500,500,1000,0,low_00,"stress_balanced_r010_t007_e0032,stress_balanced_r010_t007_e0015,stress_balanced_r010_t007_e0012,stress_balanced_r010_t007_e0002,stress_balanced_r010_t007_e0010","4,13,17,4,13","17,10,9,1,8","-1,1,-1,1,-1","-0.32607459,0.39518998,-0.3246024,0.33184531,-0.22857191",1.60628419,2,3,2,0,1.155008,1.170579,0.015571,38,33,90001
stress_balanced_r010_t007_A_r2_rep0,stress_balanced_r010_t007,random_delete_5,5,2,500,500,1000,0,low_00,"stress_balanced_r010_t007_e0025,stress_balanced_r010_t007_e0026,stress_balanced_r010_t007_e0015,stress_balanced_r010_t007_e0036,stress_balanced_r010_t007_e0013","12,19,13,14,3","13,14,10,19,9","1,-1,1,-1,-1","0.26964822,-0.31375709,0.39518998,-0.31752085,-0.27137202",1.56748816,2,3,2,0,1.155008,1.150165,-0.004843,38,33,90002
stress_balanced_r010_t007_A_r3_rep0,stress_balanced_r010_t007,random_delete_5,5,3,500,500,1000,0,low_00,"stress_balanced_r010_t007_e0018,stress_balanced_r010_t007_e0030,stress_balanced_r010_t007_e0007,stress_balanced_r010_t007_e0035,stress_balanced_r010_t007_e0027","19,17,3,12,13","11,15,6,19,15","1,-1,1,1,1","0.38560186,-0.23546056,0.28375197,0.39071802,0.24982546",1.54535787,4,1,1,0,1.155008,1.115633,-0.039375,38,33,90003
stress_balanced_r010_t007_A_r4_rep0,stress_balanced_r010_t007,random_delete_5,5,4,500,500,1000,0,low_00,"stress_balanced_r010_t007_e0029,stress_balanced_r010_t007_e0011,stress_balanced_r010_t007_e0007,stress_balanced_r010_t007_e0018,stress_balanced_r010_t007_e0021","7,4,3,19,9","15,9,6,11,12","-1,1,1,1,1","-0.24838047,0.22227115,0.28375197,0.38560186,0.33706397",1.47706942,4,1,2,0,1.155008,1.091681,-0.063327,38,33,90004
stress_balanced_r010_t007_A_r5_rep0,stress_balanced_r010_t007,random_delete_5,5,5,500,500,1000,0,low_00,"stress_balanced_r010_t007_e0032,stress_balanced_r010_t007_e0009,stress_balanced_r010_t007_e0007,stress_balanced_r010_t007_e0034,stress_balanced_r010_t007_e0017","4,14,3,4,13","17,7,6,18,11","-1,1,1,-1,1","-0.32607459,0.35888143,0.28375197,-0.24014274,0.35520822",1.56405895,3,2,2,0,1.155008,1.179543,0.024535,38,33,90005
stress_balanced_r010_t007_A_r6_rep0,stress_balanced_r010_t007,random_delete_5,5,6,500,500,1000,0,low_00,"stress_balanced_r010_t007_e0011,stress_balanced_r010_t007_e0036,stress_balanced_r010_t007_e0035,stress_balanced_r010_t007_e0032,stress_balanced_r010_t007_e0002","4,14,12,4,4","9,19,19,17,1","1,-1,1,-1,1","0.22227115,-0.31752085,0.39071802,-0.32607459,0.33184531",1.58842992,3,2,4,0,1.155008,1.053184,-0.101824,38,33,90006
stress_balanced_r010_t007_A_r7_rep0,stress_balanced_r010_t007,random_delete_5,5,7,500,500,1000,0,low_00,"stress_balanced_r010_t007_e0015,stress_balanced_r010_t007_e0034,stress_balanced_r010_t007_e0027,stress_balanced_r010_t007_e0005,stress_balanced_r010_t007_e0020","13,4,13,17,4","10,18,15,4,12","1,-1,1,1,1","0.39518998,-0.24014274,0.24982546,0.33288061,0.29769412",1.51573291,4,1,3,0,1.155008,1.209313,0.054305,38,33,90007
stress_balanced_r010_t007_A_r8_rep0,stress_balanced_r010_t007,random_delete_5,5,8,500,500,1000,0,low_00,"stress_balanced_r010_t007_e0025,stress_balanced_r010_t007_e0028,stress_balanced_r010_t007_e0000,stress_balanced_r010_t007_e0019,stress_balanced_r010_t007_e0032","12,1,4,12,4","13,15,0,11,17","1,1,-1,-1,-1","0.26964822,0.30962903,-0.34752339,-0.35214065,-0.32607459",1.60501588,2,3,2,0,1.155008,1.118056,-0.036952,38,33,90008
stress_balanced_r010_t007_A_r9_rep0,stress_balanced_r010_t007,random_delete_5,5,9,500,500,1000,0,low_00,"stress_balanced_r010_t007_e0016,stress_balanced_r010_t007_e0004,stress_balanced_r010_t007_e0034,stress_balanced_r010_t007_e0032,stress_balanced_r010_t007_e0014","19,19,4,4,14","10,4,18,17,10","-1,-1,-1,-1,-1","-0.24063747,-0.3584212,-0.24014274,-0.32607459,-0.22696513",1.39224113,0,5,3,0,1.155008,1.134618,-0.02039,38,33,90009
stress_balanced_r010_t007_B_r0_rep0,stress_balanced_r010_t007,target_strongest_5,5,0,500,500,1000,0,low_00,"stress_balanced_r010_t007_e0008,stress_balanced_r010_t007_e0015,stress_balanced_r010_t007_e0035,stress_balanced_r010_t007_e0018,stress_balanced_r010_t007_e0009","19,13,12,19,14","7,10,19,11,7","1,1,1,1,1","0.39772482,0.39518998,0.39071802,0.38560186,0.35888143",1.92811611,5,0,1,0,1.155008,1.115633,-0.039375,38,33,
stress_balanced_r010_t007_C_r0_rep0,stress_balanced_r010_t007,target_hub_outgoing_5,5,0,500,500,1000,0,low_00,"stress_balanced_r010_t007_e0032,stress_balanced_r010_t007_e0000,stress_balanced_r010_t007_e0034,stress_balanced_r010_t007_e0011,stress_balanced_r010_t007_e0020","4,4,4,4,4","17,0,18,9,12","-1,-1,-1,1,1","-0.32607459,-0.34752339,-0.24014274,0.22227115,0.29769412",1.43370599,2,3,5,0,1.155008,1.115633,-0.039375,38,33,90000
stress_balanced_r010_t007_D_r0_rep0,stress_balanced_r010_t007,target_largest_scc_internal_5,5,0,500,500,1000,0,low_00,"stress_balanced_r010_t007_e0021,stress_balanced_r010_t007_e0026,stress_balanced_r010_t007_e0006,stress_balanced_r010_t007_e0033,stress_balanced_r010_t007_e0035","9,19,0,18,12","12,14,4,17,19","1,-1,-1,1,1","0.33706397,-0.31375709,-0.3221917,0.25411559,0.39071802",1.61784637,3,2,5,0,1.155008,0.902361,-0.252647,38,33,90000
stress_balanced_r010_t007_A_r0_rep1,stress_balanced_r010_t007,random_delete_5,5,0,500,500,1000,1,medium_00,"stress_balanced_r010_t007_e0036,stress_balanced_r010_t007_e0000,stress_balanced_r010_t007_e0026,stress_balanced_r010_t007_e0010,stress_balanced_r010_t007_e0029","14,4,19,13,7","19,0,14,8,15","-1,-1,-1,-1,-1","-0.31752085,-0.34752339,-0.31375709,-0.22857191,-0.24838047",1.45575371,0,5,3,0,1.155008,1.104478,-0.05053,38,33,91000
stress_balanced_r010_t007_A_r1_rep1,stress_balanced_r010_t007,random_delete_5,5,1,500,500,1000,1,medium_00,"stress_balanced_r010_t007_e0035,stress_balanced_r010_t007_e0032,stress_balanced_r010_t007_e0028,stress_balanced_r010_t007_e0005,stress_balanced_r010_t007_e0006","12,4,1,17,0","19,17,15,4,4","1,-1,1,1,-1","0.39071802,-0.32607459,0.30962903,0.33288061,-0.3221917",1.68149395,3,2,4,0,1.155008,1.115633,-0.039375,38,33,91001
stress_balanced_r010_t007_A_r2_rep1,stress_balanced_r010_t007,random_delete_5,5,2,500,500,1000,1,medium_00,"stress_balanced_r010_t007_e0006,stress_balanced_r010_t007_e0023,stress_balanced_r010_t007_e0020,stress_balanced_r010_t007_e0028,stress_balanced_r010_t007_e0011","0,18,4,1,4","4,13,12,15,9","-1,1,1,1,1","-0.3221917,0.33638911,0.29769412,0.30962903,0.22227115",1.48817511,4,1,3,0,1.155008,1.087783,-0.067225,38,33,91002
stress_balanced_r010_t007_A_r3_rep1,stress_balanced_r010_t007,random_delete_5,5,3,500,500,1000,1,medium_00,"stress_balanced_r010_t007_e0012,stress_balanced_r010_t007_e0028,stress_balanced_r010_t007_e0014,stress_balanced_r010_t007_e0037,stress_balanced_r010_t007_e0003","17,1,14,16,11","9,15,10,19,2","-1,1,-1,-1,1","-0.3246024,0.30962903,-0.22696513,-0.25338048,0.23191735",1.34649439,2,3,1,0,1.155008,1.126537,-0.028471,38,33,91003
stress_balanced_r010_t007_A_r4_rep1,stress_balanced_r010_t007,random_delete_5,5,4,500,500,1000,1,medium_00,"stress_balanced_r010_t007_e0030,stress_balanced_r010_t007_e0012,stress_balanced_r010_t007_e0000,stress_balanced_r010_t007_e0026,stress_balanced_r010_t007_e0025","17,17,4,19,12","15,9,0,14,13","-1,-1,-1,-1,1","-0.23546056,-0.3246024,-0.34752339,-0.31375709,0.26964822",1.49099166,1,4,3,0,1.155008,1.10898,-0.046028,38,33,91004
stress_balanced_r010_t007_A_r5_rep1,stress_balanced_r010_t007,random_delete_5,5,5,500,500,1000,1,medium_00,"stress_balanced_r010_t007_e0004,stress_balanced_r010_t007_e0019,stress_balanced_r010_t007_e0011,stress_balanced_r010_t007_e0010,stress_balanced_r010_t007_e0027","19,12,4,13,13","4,11,9,8,15","-1,-1,1,-1,1","-0.3584212,-0.35214065,0.22227115,-0.22857191,0.24982546",1.41123037,2,3,2,0,1.155008,1.115633,-0.039375,38,33,91005
stress_balanced_r010_t007_A_r6_rep1,stress_balanced_r010_t007,random_delete_5,5,6,500,500,1000,1,medium_00,"stress_balanced_r010_t007_e0027,stress_balanced_r010_t007_e0007,stress_balanced_r010_t007_e0004,stress_balanced_r010_t007_e0008,stress_balanced_r010_t007_e0032","13,3,19,19,4","15,6,4,7,17","1,1,-1,1,-1","0.24982546,0.28375197,-0.3584212,0.39772482,-0.32607459",1.61579804,3,2,2,0,1.155008,1.115633,-0.039375,38,33,91006
stress_balanced_r010_t007_A_r7_rep1,stress_balanced_r010_t007,random_delete_5,5,7,500,500,1000,1,medium_00,"stress_balanced_r010_t007_e0031,stress_balanced_r010_t007_e0029,stress_balanced_r010_t007_e0024,stress_balanced_r010_t007_e0016,stress_balanced_r010_t007_e0034","5,7,8,19,4","16,15,13,10,18","1,-1,1,-1,-1","0.31616816,-0.24838047,0.23333392,-0.24063747,-0.24014274",1.27866276,2,3,1,0,1.155008,1.164319,0.009311,38,33,91007
stress_balanced_r010_t007_A_r8_rep1,stress_balanced_r010_t007,random_delete_5,5,8,500,500,1000,1,medium_00,"stress_balanced_r010_t007_e0004,stress_balanced_r010_t007_e0010,stress_balanced_r010_t007_e0020,stress_balanced_r010_t007_e0027,stress_balanced_r010_t007_e0003","19,13,4,13,11","4,8,12,15,2","-1,-1,1,1,1","-0.3584212,-0.22857191,0.29769412,0.24982546,0.23191735",1.36643004,3,2,2,0,1.155008,1.115633,-0.039375,38,33,91008
stress_balanced_r010_t007_A_r9_rep1,stress_balanced_r010_t007,random_delete_5,5,9,500,500,1000,1,medium_00,"stress_balanced_r010_t007_e0021,stress_balanced_r010_t007_e0033,stress_balanced_r010_t007_e0034,stress_balanced_r010_t007_e0035,stress_balanced_r010_t007_e0009","9,18,4,12,14","12,17,18,19,7","1,1,-1,1,1","0.33706397,0.25411559,-0.24014274,0.39071802,0.35888143",1.58092175,4,1,4,0,1.155008,1.115633,-0.039375,38,33,91009
stress_balanced_r010_t007_B_r0_rep1,stress_balanced_r010_t007,target_strongest_5,5,0,500,500,1000,1,medium_00,"stress_balanced_r010_t007_e0008,stress_balanced_r010_t007_e0015,stress_balanced_r010_t007_e0035,stress_balanced_r010_t007_e0018,stress_balanced_r010_t007_e0009","19,13,12,19,14","7,10,19,11,7","1,1,1,1,1","0.39772482,0.39518998,0.39071802,0.38560186,0.35888143",1.92811611,5,0,1,0,1.155008,1.115633,-0.039375,38,33,
stress_balanced_r010_t007_C_r0_rep1,stress_balanced_r010_t007,target_hub_outgoing_5,5,0,500,500,1000,1,medium_00,"stress_balanced_r010_t007_e0000,stress_balanced_r010_t007_e0032,stress_balanced_r010_t007_e0020,stress_balanced_r010_t007_e0011,stress_balanced_r010_t007_e0002","4,4,4,4,4","0,17,12,9,1","-1,-1,1,1,1","-0.34752339,-0.32607459,0.29769412,0.22227115,0.33184531",1.52540856,3,2,4,0,1.155008,1.031755,-0.123253,38,33,91000
stress_balanced_r010_t007_D_r0_rep1,stress_balanced_r010_t007,target_largest_scc_internal_5,5,0,500,500,1000,1,medium_00,"stress_balanced_r010_t007_e0036,stress_balanced_r010_t007_e0026,stress_balanced_r010_t007_e0000,stress_balanced_r010_t007_e0004,stress_balanced_r010_t007_e0005","14,19,4,19,17","19,14,0,4,4","-1,-1,-1,-1,1","-0.31752085,-0.31375709,-0.34752339,-0.3584212,0.33288061",1.67010314,1,4,5,0,1.155008,0.982206,-0.172802,38,33,91000
stress_balanced_r010_t007_A_r0_rep2,stress_balanced_r010_t007,random_delete_5,5,0,500,500,1000,2,high_00,"stress_balanced_r010_t007_e0002,stress_balanced_r010_t007_e0004,stress_balanced_r010_t007_e0035,stress_balanced_r010_t007_e0009,stress_balanced_r010_t007_e0006","4,19,12,14,0","1,4,19,7,4","1,-1,1,1,-1","0.33184531,-0.3584212,0.39071802,0.35888143,-0.3221917",1.76205766,3,2,3,0,1.155008,1.115633,-0.039375,38,33,92000
stress_balanced_r010_t007_A_r1_rep2,stress_balanced_r010_t007,random_delete_5,5,1,500,500,1000,2,high_00,"stress_balanced_r010_t007_e0026,stress_balanced_r010_t007_e0001,stress_balanced_r010_t007_e0021,stress_balanced_r010_t007_e0010,stress_balanced_r010_t007_e0016","19,18,9,13,19","14,0,12,8,10","-1,-1,1,-1,-1","-0.31375709,-0.3359547,0.33706397,-0.22857191,-0.24063747",1.45598514,1,4,3,0,1.155008,1.055683,-0.099325,38,33,92001
stress_balanced_r010_t007_A_r2_rep2,stress_balanced_r010_t007,random_delete_5,5,2,500,500,1000,2,high_00,"stress_balanced_r010_t007_e0025,stress_balanced_r010_t007_e0007,stress_balanced_r010_t007_e0017,stress_balanced_r010_t007_e0036,stress_balanced_r010_t007_e0005","12,3,13,14,17","13,6,11,19,4","1,1,1,-1,1","0.26964822,0.28375197,0.35520822,-0.31752085,0.33288061",1.55900987,4,1,2,0,1.155008,1.182879,0.027871,38,33,92002
stress_balanced_r010_t007_A_r3_rep2,stress_balanced_r010_t007,random_delete_5,5,3,500,500,1000,2,high_00,"stress_balanced_r010_t007_e0023,stress_balanced_r010_t007_e0010,stress_balanced_r010_t007_e0035,stress_balanced_r010_t007_e0019,stress_balanced_r010_t007_e0003","18,13,12,12,11","13,8,19,11,2","1,-1,1,-1,1","0.33638911,-0.22857191,0.39071802,-0.35214065,0.23191735",1.53973704,3,2,1,0,1.155008,1.115633,-0.039375,38,33,92003
stress_balanced_r010_t007_A_r4_rep2,stress_balanced_r010_t007,random_delete_5,5,4,500,500,1000,2,high_00,"stress_balanced_r010_t007_e0006,stress_balanced_r010_t007_e0024,stress_balanced_r010_t007_e0011,stress_balanced_r010_t007_e0013,stress_balanced_r010_t007_e0000","0,8,4,3,4","4,13,9,9,0","-1,1,1,-1,-1","-0.3221917,0.23333392,0.22227115,-0.27137202,-0.34752339",1.39669218,2,3,3,0,1.155008,1.054783,-0.100225,38,33,92004
stress_balanced_r010_t007_A_r5_rep2,stress_balanced_r010_t007,random_delete_5,5,5,500,500,1000,2,high_00,"stress_balanced_r010_t007_e0029,stress_balanced_r010_t007_e0007,stress_balanced_r010_t007_e0012,stress_balanced_r010_t007_e0013,stress_balanced_r010_t007_e0023","7,3,17,3,18","15,6,9,9,13","-1,1,-1,-1,1","-0.24838047,0.28375197,-0.3246024,-0.27137202,0.33638911",1.46449597,2,3,1,0,1.155008,1.126537,-0.028471,38,33,92005
stress_balanced_r010_t007_A_r6_rep2,stress_balanced_r010_t007,random_delete_5,5,6,500,500,1000,2,high_00,"stress_balanced_r010_t007_e0024,stress_balanced_r010_t007_e0011,stress_balanced_r010_t007_e0002,stress_balanced_r010_t007_e0005,stress_balanced_r010_t007_e0028","8,4,4,17,1","13,9,1,4,15","1,1,1,1,1","0.23333392,0.22227115,0.33184531,0.33288061,0.30962903",1.42996002,5,0,2,0,1.155008,1.197126,0.042118,38,33,92006
stress_balanced_r010_t007_A_r7_rep2,stress_balanced_r010_t007,random_delete_5,5,7,500,500,1000,2,high_00,"stress_balanced_r010_t007_e0008,stress_balanced_r010_t007_e0032,stress_balanced_r010_t007_e0029,stress_balanced_r010_t007_e0025,stress_balanced_r010_t007_e0011","19,4,7,12,4","7,17,15,13,9","1,-1,-1,1,1","0.39772482,-0.32607459,-0.24838047,0.26964822,0.22227115",1.46409925,3,2,2,0,1.155008,1.13832,-0.016688,38,33,92007
stress_balanced_r010_t007_A_r8_rep2,stress_balanced_r010_t007,random_delete_5,5,8,500,500,1000,2,high_00,"stress_balanced_r010_t007_e0009,stress_balanced_r010_t007_e0018,stress_balanced_r010_t007_e0017,stress_balanced_r010_t007_e0007,stress_balanced_r010_t007_e0034","14,19,13,3,4","7,11,11,6,18","1,1,1,1,-1","0.35888143,0.38560186,0.35520822,0.28375197,-0.24014274",1.62358622,4,1,1,0,1.155008,1.164319,0.009311,38,33,92008
stress_balanced_r010_t007_A_r9_rep2,stress_balanced_r010_t007,random_delete_5,5,9,500,500,1000,2,high_00,"stress_balanced_r010_t007_e0003,stress_balanced_r010_t007_e0000,stress_balanced_r010_t007_e0025,stress_balanced_r010_t007_e0027,stress_balanced_r010_t007_e0028","11,4,12,13,1","2,0,13,15,15","1,-1,1,1,1","0.23191735,-0.34752339,0.26964822,0.24982546,0.30962903",1.40854345,4,1,1,0,1.155008,1.073383,-0.081625,38,33,92009
stress_balanced_r010_t007_B_r0_rep2,stress_balanced_r010_t007,target_strongest_5,5,0,500,500,1000,2,high_00,"stress_balanced_r010_t007_e0008,stress_balanced_r010_t007_e0015,stress_balanced_r010_t007_e0035,stress_balanced_r010_t007_e0018,stress_balanced_r010_t007_e0009","19,13,12,19,14","7,10,19,11,7","1,1,1,1,1","0.39772482,0.39518998,0.39071802,0.38560186,0.35888143",1.92811611,5,0,1,0,1.155008,1.115633,-0.039375,38,33,
stress_balanced_r010_t007_C_r0_rep2,stress_balanced_r010_t007,target_hub_outgoing_5,5,0,500,500,1000,2,high_00,"stress_balanced_r010_t007_e0000,stress_balanced_r010_t007_e0002,stress_balanced_r010_t007_e0034,stress_balanced_r010_t007_e0011,stress_balanced_r010_t007_e0020","4,4,4,4,4","0,1,18,9,12","-1,1,-1,1,1","-0.34752339,0.33184531,-0.24014274,0.22227115,0.29769412",1.43947671,3,2,4,0,1.155008,1.073988,-0.08102,38,33,92000
stress_balanced_r010_t007_D_r0_rep2,stress_balanced_r010_t007,target_largest_scc_internal_5,5,0,500,500,1000,2,high_00,"stress_balanced_r010_t007_e0004,stress_balanced_r010_t007_e0026,stress_balanced_r010_t007_e0035,stress_balanced_r010_t007_e0006,stress_balanced_r010_t007_e0034","19,19,12,0,4","4,14,19,4,18","-1,-1,1,-1,-1","-0.3584212,-0.31375709,0.39071802,-0.3221917,-0.24014274",1.62523075,1,4,5,0,1.155008,0.902361,-0.252647,38,33,92000
stress_balanced_r010_t007_A_r0_rep3,stress_balanced_r010_t007,random_delete_5,5,0,500,500,1000,3,sparse_00,"stress_balanced_r010_t007_e0011,stress_balanced_r010_t007_e0028,stress_balanced_r010_t007_e0018,stress_balanced_r010_t007_e0034,stress_balanced_r010_t007_e0031","4,1,19,4,5","9,15,11,18,16","1,1,1,-1,1","0.22227115,0.30962903,0.38560186,-0.24014274,0.31616816",1.47381294,4,1,2,0,1.155008,1.137272,-0.017736,38,33,93000
stress_balanced_r010_t007_A_r1_rep3,stress_balanced_r010_t007,random_delete_5,5,1,500,500,1000,3,sparse_00,"stress_balanced_r010_t007_e0000,stress_balanced_r010_t007_e0014,stress_balanced_r010_t007_e0016,stress_balanced_r010_t007_e0021,stress_balanced_r010_t007_e0005","4,14,19,9,17","0,10,10,12,4","-1,-1,-1,1,1","-0.34752339,-0.22696513,-0.24063747,0.33706397,0.33288061",1.48507057,2,3,3,0,1.155008,1.062936,-0.092072,38,33,93001
stress_balanced_r010_t007_A_r2_rep3,stress_balanced_r010_t007,random_delete_5,5,2,500,500,1000,3,sparse_00,"stress_balanced_r010_t007_e0012,stress_balanced_r010_t007_e0035,stress_balanced_r010_t007_e0026,stress_balanced_r010_t007_e0002,stress_balanced_r010_t007_e0028","17,12,19,4,1","9,19,14,1,15","-1,1,-1,1,1","-0.3246024,0.39071802,-0.31375709,0.33184531,0.30962903",1.67055185,3,2,3,0,1.155008,1.028419,-0.126589,38,33,93002
stress_balanced_r010_t007_A_r3_rep3,stress_balanced_r010_t007,random_delete_5,5,3,500,500,1000,3,sparse_00,"stress_balanced_r010_t007_e0023,stress_balanced_r010_t007_e0033,stress_balanced_r010_t007_e0035,stress_balanced_r010_t007_e0019,stress_balanced_r010_t007_e0015","18,18,12,12,13","13,17,19,11,10","1,1,1,-1,1","0.33638911,0.25411559,0.39071802,-0.35214065,0.39518998",1.72855335,4,1,2,0,1.155008,1.115633,-0.039375,38,33,93003
stress_balanced_r010_t007_A_r4_rep3,stress_balanced_r010_t007,random_delete_5,5,4,500,500,1000,3,sparse_00,"stress_balanced_r010_t007_e0008,stress_balanced_r010_t007_e0029,stress_balanced_r010_t007_e0020,stress_balanced_r010_t007_e0023,stress_balanced_r010_t007_e0003","19,7,4,18,11","7,15,12,13,2","1,-1,1,1,1","0.39772482,-0.24838047,0.29769412,0.33638911,0.23191735",1.51210587,4,1,1,0,1.155008,1.141232,-0.013776,38,33,93004
stress_balanced_r010_t007_A_r5_rep3,stress_balanced_r010_t007,random_delete_5,5,5,500,500,1000,3,sparse_00,"stress_balanced_r010_t007_e0014,stress_balanced_r010_t007_e0025,stress_balanced_r010_t007_e0022,stress_balanced_r010_t007_e0008,stress_balanced_r010_t007_e0023","14,12,11,19,18","10,13,13,7,13","-1,1,-1,1,1","-0.22696513,0.26964822,-0.34042336,0.39772482,0.33638911",1.57115064,3,2,0,0,1.155008,1.155008,0.0,38,33,93005
stress_balanced_r010_t007_A_r6_rep3,stress_balanced_r010_t007,random_delete_5,5,6,500,500,1000,3,sparse_00,"stress_balanced_r010_t007_e0026,stress_balanced_r010_t007_e0007,stress_balanced_r010_t007_e0031,stress_balanced_r010_t007_e0012,stress_balanced_r010_t007_e0036","19,3,5,17,14","14,6,16,9,19","-1,1,1,-1,-1","-0.31375709,0.28375197,0.31616816,-0.3246024,-0.31752085",1.55580047,2,3,3,0,1.155008,1.128242,-0.026766,38,33,93006
stress_balanced_r010_t007_A_r7_rep3,stress_balanced_r010_t007,random_delete_5,5,7,500,500,1000,3,sparse_00,"stress_balanced_r010_t007_e0030,stress_balanced_r010_t007_e0026,stress_balanced_r010_t007_e0021,stress_balanced_r010_t007_e0035,stress_balanced_r010_t007_e0012","17,19,9,12,17","15,14,12,19,9","-1,-1,1,1,-1","-0.23546056,-0.31375709,0.33706397,0.39071802,-0.3246024",1.60160204,2,3,4,0,1.155008,1.028419,-0.126589,38,33,93007
stress_balanced_r010_t007_A_r8_rep3,stress_balanced_r010_t007,random_delete_5,5,8,500,500,1000,3,sparse_00,"stress_balanced_r010_t007_e0015,stress_balanced_r010_t007_e0033,stress_balanced_r010_t007_e0013,stress_balanced_r010_t007_e0014,stress_balanced_r010_t007_e0000","13,18,3,14,4","10,17,9,10,0","1,1,-1,-1,-1","0.39518998,0.25411559,-0.27137202,-0.22696513,-0.34752339",1.49516611,2,3,2,0,1.155008,1.071663,-0.083345,38,33,93008
stress_balanced_r010_t007_A_r9_rep3,stress_balanced_r010_t007,random_delete_5,5,9,500,500,1000,3,sparse_00,"stress_balanced_r010_t007_e0019,stress_balanced_r010_t007_e0012,stress_balanced_r010_t007_e0004,stress_balanced_r010_t007_e0006,stress_balanced_r010_t007_e0000","12,17,19,0,4","11,9,4,4,0","-1,-1,-1,-1,-1","-0.35214065,-0.3246024,-0.3584212,-0.3221917,-0.34752339",1.70487934,0,5,4,0,1.155008,1.115633,-0.039375,38,33,93009
stress_balanced_r010_t007_B_r0_rep3,stress_balanced_r010_t007,target_strongest_5,5,0,500,500,1000,3,sparse_00,"stress_balanced_r010_t007_e0008,stress_balanced_r010_t007_e0015,stress_balanced_r010_t007_e0035,stress_balanced_r010_t007_e0018,stress_balanced_r010_t007_e0009","19,13,12,19,14","7,10,19,11,7","1,1,1,1,1","0.39772482,0.39518998,0.39071802,0.38560186,0.35888143",1.92811611,5,0,1,0,1.155008,1.115633,-0.039375,38,33,
stress_balanced_r010_t007_C_r0_rep3,stress_balanced_r010_t007,target_hub_outgoing_5,5,0,500,500,1000,3,sparse_00,"stress_balanced_r010_t007_e0034,stress_balanced_r010_t007_e0032,stress_balanced_r010_t007_e0000,stress_balanced_r010_t007_e0020,stress_balanced_r010_t007_e0011","4,4,4,4,4","18,17,0,12,9","-1,-1,-1,1,1","-0.24014274,-0.32607459,-0.34752339,0.29769412,0.22227115",1.43370599,2,3,5,0,1.155008,1.115633,-0.039375,38,33,93000
stress_balanced_r010_t007_D_r0_rep3,stress_balanced_r010_t007,target_largest_scc_internal_5,5,0,500,500,1000,3,sparse_00,"stress_balanced_r010_t007_e0020,stress_balanced_r010_t007_e0035,stress_balanced_r010_t007_e0036,stress_balanced_r010_t007_e0034,stress_balanced_r010_t007_e0012","4,12,14,4,17","12,19,19,18,9","1,1,-1,-1,-1","0.29769412,0.39071802,-0.31752085,-0.24014274,-0.3246024",1.57067813,2,3,5,0,1.155008,0.902361,-0.252647,38,33,93000
stress_balanced_r010_t007_A_r0_rep4,stress_balanced_r010_t007,random_delete_5,5,0,500,500,1000,4,low_01,"stress_balanced_r010_t007_e0023,stress_balanced_r010_t007_e0025,stress_balanced_r010_t007_e0009,stress_balanced_r010_t007_e0029,stress_balanced_r010_t007_e0030","18,12,14,7,17","13,13,7,15,15","1,1,1,-1,-1","0.33638911,0.26964822,0.35888143,-0.24838047,-0.23546056",1.44875979,3,2,0,0,1.155008,1.155008,0.0,38,33,94000
stress_balanced_r010_t007_A_r1_rep4,stress_balanced_r010_t007,random_delete_5,5,1,500,500,1000,4,low_01,"stress_balanced_r010_t007_e0016,stress_balanced_r010_t007_e0007,stress_balanced_r010_t007_e0000,stress_balanced_r010_t007_e0024,stress_balanced_r010_t007_e0017","19,3,4,8,13","10,6,0,13,11","-1,1,-1,1,1","-0.24063747,0.28375197,-0.34752339,0.23333392,0.35520822",1.46045497,3,2,1,0,1.155008,1.073383,-0.081625,38,33,94001
stress_balanced_r010_t007_A_r2_rep4,stress_balanced_r010_t007,random_delete_5,5,2,500,500,1000,4,low_01,"stress_balanced_r010_t007_e0035,stress_balanced_r010_t007_e0019,stress_balanced_r010_t007_e0029,stress_balanced_r010_t007_e0017,stress_balanced_r010_t007_e0031","12,12,7,13,5","19,11,15,11,16","1,-1,-1,1,1","0.39071802,-0.35214065,-0.24838047,0.35520822,0.31616816",1.66261552,3,2,1,0,1.155008,1.115633,-0.039375,38,33,94002
stress_balanced_r010_t007_A_r3_rep4,stress_balanced_r010_t007,random_delete_5,5,3,500,500,1000,4,low_01,"stress_balanced_r010_t007_e0014,stress_balanced_r010_t007_e0022,stress_balanced_r010_t007_e0025,stress_balanced_r010_t007_e0021,stress_balanced_r010_t007_e0035","14,11,12,9,12","10,13,13,12,19","-1,-1,1,1,1","-0.22696513,-0.34042336,0.26964822,0.33706397,0.39071802",1.5648187,3,2,2,0,1.155008,1.115633,-0.039375,38,33,94003
stress_balanced_r010_t007_A_r4_rep4,stress_balanced_r010_t007,random_delete_5,5,4,500,500,1000,4,low_01,"stress_balanced_r010_t007_e0010,stress_balanced_r010_t007_e0015,stress_balanced_r010_t007_e0036,stress_balanced_r010_t007_e0022,stress_balanced_r010_t007_e0023","13,13,14,11,18","8,10,19,13,13","-1,1,-1,-1,1","-0.22857191,0.39518998,-0.31752085,-0.34042336,0.33638911",1.61809521,2,3,1,0,1.155008,1.150165,-0.004843,38,33,94004
stress_balanced_r010_t007_A_r5_rep4,stress_balanced_r010_t007,random_delete_5,5,5,500,500,1000,4,low_01,"stress_balanced_r010_t007_e0025,stress_balanced_r010_t007_e0034,stress_balanced_r010_t007_e0035,stress_balanced_r010_t007_e0010,stress_balanced_r010_t007_e0019","12,4,12,13,12","13,18,19,8,11","1,-1,1,-1,-1","0.26964822,-0.24014274,0.39071802,-0.22857191,-0.35214065",1.48122154,2,3,2,0,1.155008,1.115633,-0.039375,38,33,94005
stress_balanced_r010_t007_A_r6_rep4,stress_balanced_r010_t007,random_delete_5,5,6,500,500,1000,4,low_01,"stress_balanced_r010_t007_e0025,stress_balanced_r010_t007_e0003,stress_balanced_r010_t007_e0015,stress_balanced_r010_t007_e0016,stress_balanced_r010_t007_e0017","12,11,13,19,13","13,2,10,10,11","1,1,1,-1,1","0.26964822,0.23191735,0.39518998,-0.24063747,0.35520822",1.49260124,4,1,0,0,1.155008,1.155008,0.0,38,33,94006
stress_balanced_r010_t007_A_r7_rep4,stress_balanced_r010_t007,random_delete_5,5,7,500,500,1000,4,low_01,"stress_balanced_r010_t007_e0015,stress_balanced_r010_t007_e0036,stress_balanced_r010_t007_e0019,stress_balanced_r010_t007_e0034,stress_balanced_r010_t007_e0032","13,14,12,4,4","10,19,11,18,17","1,-1,-1,-1,-1","0.39518998,-0.31752085,-0.35214065,-0.24014274,-0.32607459",1.63106881,1,4,3,0,1.155008,1.115392,-0.039616,38,33,94007
stress_balanced_r010_t007_A_r8_rep4,stress_balanced_r010_t007,random_delete_5,5,8,500,500,1000,4,low_01,"stress_balanced_r010_t007_e0006,stress_balanced_r010_t007_e0016,stress_balanced_r010_t007_e0009,stress_balanced_r010_t007_e0004,stress_balanced_r010_t007_e0022","0,19,14,19,11","4,10,7,4,13","-1,-1,1,-1,-1","-0.3221917,-0.24063747,0.35888143,-0.3584212,-0.34042336",1.62055516,1,4,2,0,1.155008,1.115633,-0.039375,38,33,94008
stress_balanced_r010_t007_A_r9_rep4,stress_balanced_r010_t007,random_delete_5,5,9,500,500,1000,4,low_01,"stress_balanced_r010_t007_e0027,stress_balanced_r010_t007_e0000,stress_balanced_r010_t007_e0014,stress_balanced_r010_t007_e0033,stress_balanced_r010_t007_e0018","13,4,14,18,19","15,0,10,17,11","1,-1,-1,1,1","0.24982546,-0.34752339,-0.22696513,0.25411559,0.38560186",1.46403143,3,2,2,0,1.155008,1.071663,-0.083345,38,33,94009
stress_balanced_r010_t007_B_r0_rep4,stress_balanced_r010_t007,target_strongest_5,5,0,500,500,1000,4,low_01,"stress_balanced_r010_t007_e0008,stress_balanced_r010_t007_e0015,stress_balanced_r010_t007_e0035,stress_balanced_r010_t007_e0018,stress_balanced_r010_t007_e0009","19,13,12,19,14","7,10,19,11,7","1,1,1,1,1","0.39772482,0.39518998,0.39071802,0.38560186,0.35888143",1.92811611,5,0,1,0,1.155008,1.115633,-0.039375,38,33,
stress_balanced_r010_t007_C_r0_rep4,stress_balanced_r010_t007,target_hub_outgoing_5,5,0,500,500,1000,4,low_01,"stress_balanced_r010_t007_e0020,stress_balanced_r010_t007_e0002,stress_balanced_r010_t007_e0034,stress_balanced_r010_t007_e0000,stress_balanced_r010_t007_e0032","4,4,4,4,4","12,1,18,0,17","1,1,-1,-1,-1","0.29769412,0.33184531,-0.24014274,-0.34752339,-0.32607459",1.54328015,2,3,4,0,1.155008,1.088058,-0.06695,38,33,94000
stress_balanced_r010_t007_D_r0_rep4,stress_balanced_r010_t007,target_largest_scc_internal_5,5,0,500,500,1000,4,low_01,"stress_balanced_r010_t007_e0035,stress_balanced_r010_t007_e0012,stress_balanced_r010_t007_e0034,stress_balanced_r010_t007_e0001,stress_balanced_r010_t007_e0032","12,17,4,18,4","19,9,18,0,17","1,-1,-1,-1,-1","0.39071802,-0.3246024,-0.24014274,-0.3359547,-0.32607459",1.61749245,1,4,5,0,1.155008,1.134618,-0.02039,38,33,94000
stress_balanced_r025_t001_A_r0_rep0,stress_balanced_r025_t001,random_delete_5,5,0,500,500,1000,0,low_00,"stress_balanced_r025_t001_e0044,stress_balanced_r025_t001_e0011,stress_balanced_r025_t001_e0036,stress_balanced_r025_t001_e0014,stress_balanced_r025_t001_e0001","16,11,6,15,13","8,1,7,2,0","-1,-1,-1,-1,-1","-0.39898675,-0.21690028,-0.20468611,-0.32019154,-0.26796084",1.40872552,0,5,5,0,1.555566,1.545814,-0.009752,95,90,100000
stress_balanced_r025_t001_A_r1_rep0,stress_balanced_r025_t001,random_delete_5,5,1,500,500,1000,0,low_00,"stress_balanced_r025_t001_e0082,stress_balanced_r025_t001_e0078,stress_balanced_r025_t001_e0089,stress_balanced_r025_t001_e0028,stress_balanced_r025_t001_e0040","3,19,11,1,3","18,17,19,6,7","1,1,1,-1,-1","0.32480702,0.21940557,0.30600237,-0.22430916,-0.22207097",1.29659509,3,2,5,0,1.555566,1.503255,-0.052311,95,90,100001
stress_balanced_r025_t001_A_r2_rep0,stress_balanced_r025_t001,random_delete_5,5,2,500,500,1000,0,low_00,"stress_balanced_r025_t001_e0055,stress_balanced_r025_t001_e0015,stress_balanced_r025_t001_e0017,stress_balanced_r025_t001_e0086,stress_balanced_r025_t001_e0063","9,16,17,1,14","10,2,2,18,13","1,1,-1,1,1","0.36320412,0.2881059,-0.38193888,0.3716126,0.24490732",1.64976882,4,1,5,0,1.555566,1.510605,-0.044961,95,90,100002
stress_balanced_r025_t001_A_r3_rep0,stress_balanced_r025_t001,random_delete_5,5,3,500,500,1000,0,low_00,"stress_balanced_r025_t001_e0030,stress_balanced_r025_t001_e0093,stress_balanced_r025_t001_e0002,stress_balanced_r025_t001_e0078,stress_balanced_r025_t001_e0069","18,6,18,19,5","6,19,0,17,14","-1,1,-1,1,-1","-0.38426113,0.31001041,-0.29946911,0.21940557,-0.30115018",1.5142964,2,3,5,0,1.555566,1.579076,0.02351,95,90,100003
stress_balanced_r025_t001_A_r4_rep0,stress_balanced_r025_t001,random_delete_5,5,4,500,500,1000,0,low_00,"stress_balanced_r025_t001_e0030,stress_balanced_r025_t001_e0085,stress_balanced_r025_t001_e0059,stress_balanced_r025_t001_e0001,stress_balanced_r025_t001_e0065","18,7,7,13,6","6,18,11,0,13","-1,-1,1,-1,-1","-0.38426113,-0.30456436,0.32634944,-0.26796084,-0.27856277",1.56169854,1,4,5,0,1.555566,1.424714,-0.130852,95,90,100004
stress_balanced_r025_t001_A_r5_rep0,stress_balanced_r025_t001,random_delete_5,5,5,500,500,1000,0,low_00,"stress_balanced_r025_t001_e0032,stress_balanced_r025_t001_e0034,stress_balanced_r025_t001_e0046,stress_balanced_r025_t001_e0076,stress_balanced_r025_t001_e0064","19,9,10,1,17","6,6,9,16,13","-1,-1,1,1,1","-0.27657375,-0.21946879,0.34137246,0.35305397,0.28209898",1.47256795,3,2,5,0,1.555566,1.518931,-0.036635,95,90,100005
stress_balanced_r025_t001_A_r6_rep0,stress_balanced_r025_t001,random_delete_5,5,6,500,500,1000,0,low_00,"stress_balanced_r025_t001_e0069,stress_balanced_r025_t001_e0055,stress_balanced_r025_t001_e0007,stress_balanced_r025_t001_e0027,stress_balanced_r025_t001_e0058","5,9,14,11,15","14,10,1,5,10","-1,1,-1,-1,1","-0.30115018,0.36320412,-0.29244076,-0.2309246,0.31720367",1.50492333,2,3,5,0,1.555566,1.521412,-0.034154,95,90,100006
stress_balanced_r025_t001_A_r7_rep0,stress_balanced_r025_t001,random_delete_5,5,7,500,500,1000,0,low_00,"stress_balanced_r025_t001_e0021,stress_balanced_r025_t001_e0068,stress_balanced_r025_t001_e0087,stress_balanced_r025_t001_e0080,stress_balanced_r025_t001_e0028","12,2,11,14,1","4,14,18,17,6","-1,-1,-1,1,-1","-0.20083475,-0.26195797,-0.234011,0.2553494,-0.22430916",1.17646228,1,4,5,0,1.555566,1.536488,-0.019078,95,90,100007
stress_balanced_r025_t001_A_r8_rep0,stress_balanced_r025_t001,random_delete_5,5,8,500,500,1000,0,low_00,"stress_balanced_r025_t001_e0021,stress_balanced_r025_t001_e0059,stress_balanced_r025_t001_e0047,stress_balanced_r025_t001_e0084,stress_balanced_r025_t001_e0089","12,7,1,8,11","4,11,9,18,19","-1,1,1,-1,1","-0.20083475,0.32634944,0.23896391,-0.33410656,0.30600237",1.40625703,3,2,5,0,1.555566,1.423011,-0.132555,95,90,100008
stress_balanced_r025_t001_A_r9_rep0,stress_balanced_r025_t001,random_delete_5,5,9,500,500,1000,0,low_00,"stress_balanced_r025_t001_e0028,stress_balanced_r025_t001_e0044,stress_balanced_r025_t001_e0054,stress_balanced_r025_t001_e0009,stress_balanced_r025_t001_e0048","1,16,7,2,17","6,8,10,1,9","-1,-1,1,-1,-1","-0.22430916,-0.39898675,0.21592949,-0.36563104,-0.21661504",1.42147148,1,4,5,0,1.555566,1.57728,0.021714,95,90,100009
stress_balanced_r025_t001_B_r0_rep0,stress_balanced_r025_t001,target_strongest_5,5,0,500,500,1000,0,low_00,"stress_balanced_r025_t001_e0043,stress_balanced_r025_t001_e0044,stress_balanced_r025_t001_e0038,stress_balanced_r025_t001_e0088,stress_balanced_r025_t001_e0030","6,16,1,4,18","8,8,7,18,6","-1,-1,1,1,-1","-0.39965561,-0.39898675,0.39539898,0.39331892,-0.38426113",1.97162139,2,3,5,0,1.555566,1.594593,0.039027,95,90,
stress_balanced_r025_t001_C_r0_rep0,stress_balanced_r025_t001,target_hub_outgoing_5,5,0,500,500,1000,0,low_00,"stress_balanced_r025_t001_e0007,stress_balanced_r025_t001_e0022,stress_balanced_r025_t001_e0080,stress_balanced_r025_t001_e0071,stress_balanced_r025_t001_e0004","14,14,14,14,14","1,4,17,15,0","-1,1,1,1,-1","-0.29244076,0.36580687,0.2553494,0.31152901,-0.28121514",1.50634118,3,2,5,0,1.555566,1.560661,0.005095,95,90,100000
stress_balanced_r025_t001_D_r0_rep0,stress_balanced_r025_t001,target_largest_scc_internal_5,5,0,500,500,1000,0,low_00,"stress_balanced_r025_t001_e0038,stress_balanced_r025_t001_e0019,stress_balanced_r025_t001_e0093,stress_balanced_r025_t001_e0011,stress_balanced_r025_t001_e0052","1,2,6,11,18","7,3,19,1,9","1,1,1,-1,-1","0.39539898,0.32623376,0.31001041,-0.21690028,-0.32401985",1.57256328,3,2,5,0,1.555566,1.529685,-0.025881,95,90,100000
stress_balanced_r025_t001_A_r0_rep1,stress_balanced_r025_t001,random_delete_5,5,0,500,500,1000,1,medium_00,"stress_balanced_r025_t001_e0094,stress_balanced_r025_t001_e0014,stress_balanced_r025_t001_e0085,stress_balanced_r025_t001_e0093,stress_balanced_r025_t001_e0075","0,15,7,6,12","19,2,18,19,15","1,-1,-1,1,-1","0.2099082,-0.32019154,-0.30456436,0.31001041,-0.22195172",1.36662623,2,3,5,0,1.555566,1.505682,-0.049884,95,90,101000
stress_balanced_r025_t001_A_r1_rep1,stress_balanced_r025_t001,random_delete_5,5,1,500,500,1000,1,medium_00,"stress_balanced_r025_t001_e0019,stress_balanced_r025_t001_e0064,stress_balanced_r025_t001_e0002,stress_balanced_r025_t001_e0056,stress_balanced_r025_t001_e0068","2,17,18,13,2","3,13,0,10,14","1,1,-1,-1,-1","0.32623376,0.28209898,-0.29946911,-0.21726695,-0.26195797",1.38702677,2,3,5,0,1.555566,1.544823,-0.010743,95,90,101001
stress_balanced_r025_t001_A_r2_rep1,stress_balanced_r025_t001,random_delete_5,5,2,500,500,1000,1,medium_00,"stress_balanced_r025_t001_e0047,stress_balanced_r025_t001_e0012,stress_balanced_r025_t001_e0048,stress_balanced_r025_t001_e0071,stress_balanced_r025_t001_e0009","1,9,17,14,2","9,2,9,15,1","1,1,-1,1,-1","0.23896391,0.21477766,-0.21661504,0.31152901,-0.36563104",1.34751666,3,2,5,0,1.555566,1.587036,0.03147,95,90,101002
stress_balanced_r025_t001_A_r3_rep1,stress_balanced_r025_t001,random_delete_5,5,3,500,500,1000,1,medium_00,"stress_balanced_r025_t001_e0078,stress_balanced_r025_t001_e0052,stress_balanced_r025_t001_e0080,stress_balanced_r025_t001_e0057,stress_balanced_r025_t001_e0074","19,18,14,19,11","17,9,17,10,15","1,-1,1,1,1","0.21940557,-0.32401985,0.2553494,0.20693253,0.36564161",1.37134896,4,1,5,0,1.555566,1.479921,-0.075645,95,90,101003
stress_balanced_r025_t001_A_r4_rep1,stress_balanced_r025_t001,random_delete_5,5,4,500,500,1000,1,medium_00,"stress_balanced_r025_t001_e0008,stress_balanced_r025_t001_e0033,stress_balanced_r025_t001_e0056,stress_balanced_r025_t001_e0059,stress_balanced_r025_t001_e0020","7,15,13,7,5","1,6,10,11,3","-1,-1,-1,1,1","-0.21351928,-0.23028058,-0.21726695,0.32634944,0.37852429",1.36594054,2,3,5,0,1.555566,1.427784,-0.127782,95,90,101004
stress_balanced_r025_t001_A_r5_rep1,stress_balanced_r025_t001,random_delete_5,5,5,500,500,1000,1,medium_00,"stress_balanced_r025_t001_e0062,stress_balanced_r025_t001_e0018,stress_balanced_r025_t001_e0033,stress_balanced_r025_t001_e0005,stress_balanced_r025_t001_e0058","3,10,15,8,15","12,2,6,1,10","1,1,-1,1,1","0.21878117,0.2300502,-0.23028058,0.31453738,0.31720367",1.310853,4,1,5,0,1.555566,1.554955,-0.000611,95,90,101005
stress_balanced_r025_t001_A_r6_rep1,stress_balanced_r025_t001,random_delete_5,5,6,500,500,1000,1,medium_00,"stress_balanced_r025_t001_e0011,stress_balanced_r025_t001_e0051,stress_balanced_r025_t001_e0086,stress_balanced_r025_t001_e0070,stress_balanced_r025_t001_e0039","11,3,1,1,9","1,9,18,15,7","-1,1,1,-1,1","-0.21690028,0.20572685,0.3716126,-0.35782908,0.29689429",1.4489631,3,2,5,0,1.555566,1.485459,-0.070107,95,90,101006
stress_balanced_r025_t001_A_r7_rep1,stress_balanced_r025_t001,random_delete_5,5,7,500,500,1000,1,medium_00,"stress_balanced_r025_t001_e0048,stress_balanced_r025_t001_e0076,stress_balanced_r025_t001_e0069,stress_balanced_r025_t001_e0031,stress_balanced_r025_t001_e0082","17,1,5,11,3","9,16,14,6,18","-1,1,-1,1,1","-0.21661504,0.35305397,-0.30115018,0.22631829,0.32480702",1.4219445,3,2,5,0,1.555566,1.566174,0.010608,95,90,101007
stress_balanced_r025_t001_A_r8_rep1,stress_balanced_r025_t001,random_delete_5,5,8,500,500,1000,1,medium_00,"stress_balanced_r025_t001_e0016,stress_balanced_r025_t001_e0066,stress_balanced_r025_t001_e0027,stress_balanced_r025_t001_e0025,stress_balanced_r025_t001_e0073","14,16,11,14,5","2,13,5,5,15","1,-1,-1,-1,-1","0.36717695,-0.3323725,-0.2309246,-0.25295363,-0.32314756",1.50657524,1,4,5,0,1.555566,1.509242,-0.046324,95,90,101008
stress_balanced_r025_t001_A_r9_rep1,stress_balanced_r025_t001,random_delete_5,5,9,500,500,1000,1,medium_00,"stress_balanced_r025_t001_e0023,stress_balanced_r025_t001_e0077,stress_balanced_r025_t001_e0059,stress_balanced_r025_t001_e0085,stress_balanced_r025_t001_e0078","8,17,7,7,19","4,16,11,18,17","-1,1,1,-1,1","-0.33691737,0.36622471,0.32634944,-0.30456436,0.21940557",1.55346145,3,2,5,0,1.555566,1.392969,-0.162597,95,90,101009
stress_balanced_r025_t001_B_r0_rep1,stress_balanced_r025_t001,target_strongest_5,5,0,500,500,1000,1,medium_00,"stress_balanced_r025_t001_e0043,stress_balanced_r025_t001_e0044,stress_balanced_r025_t001_e0038,stress_balanced_r025_t001_e0088,stress_balanced_r025_t001_e0030","6,16,1,4,18","8,8,7,18,6","-1,-1,1,1,-1","-0.39965561,-0.39898675,0.39539898,0.39331892,-0.38426113",1.97162139,2,3,5,0,1.555566,1.594593,0.039027,95,90,
stress_balanced_r025_t001_C_r0_rep1,stress_balanced_r025_t001,target_hub_outgoing_5,5,0,500,500,1000,1,medium_00,"stress_balanced_r025_t001_e0071,stress_balanced_r025_t001_e0007,stress_balanced_r025_t001_e0016,stress_balanced_r025_t001_e0063,stress_balanced_r025_t001_e0025","14,14,14,14,14","15,1,2,13,5","1,-1,1,1,-1","0.31152901,-0.29244076,0.36717695,0.24490732,-0.25295363",1.46900767,3,2,5,0,1.555566,1.548133,-0.007433,95,90,101000
stress_balanced_r025_t001_D_r0_rep1,stress_balanced_r025_t001,target_largest_scc_internal_5,5,0,500,500,1000,1,medium_00,"stress_balanced_r025_t001_e0067,stress_balanced_r025_t001_e0057,stress_balanced_r025_t001_e0015,stress_balanced_r025_t001_e0006,stress_balanced_r025_t001_e0014","1,19,16,5,15","13,10,2,1,2","-1,1,1,1,-1","-0.2483861,0.20693253,0.2881059,0.37235242,-0.32019154",1.43596849,3,2,5,0,1.555566,1.546239,-0.009327,95,90,101000
stress_balanced_r025_t001_A_r0_rep2,stress_balanced_r025_t001,random_delete_5,5,0,500,500,1000,2,high_00,"stress_balanced_r025_t001_e0032,stress_balanced_r025_t001_e0017,stress_balanced_r025_t001_e0026,stress_balanced_r025_t001_e0072,stress_balanced_r025_t001_e0054","19,17,19,9,7","6,2,5,15,10","-1,-1,-1,1,1","-0.27657375,-0.38193888,-0.2810132,0.31423009,0.21592949",1.46968541,2,3,5,0,1.555566,1.361165,-0.194401,95,90,102000
stress_balanced_r025_t001_A_r1_rep2,stress_balanced_r025_t001,random_delete_5,5,1,500,500,1000,2,high_00,"stress_balanced_r025_t001_e0009,stress_balanced_r025_t001_e0055,stress_balanced_r025_t001_e0019,stress_balanced_r025_t001_e0072,stress_balanced_r025_t001_e0079","2,9,2,9,18","1,10,3,15,17","-1,1,1,1,-1","-0.36563104,0.36320412,0.32623376,0.31423009,-0.32095758",1.69025659,3,2,5,0,1.555566,1.508677,-0.046889,95,90,102001
stress_balanced_r025_t001_A_r2_rep2,stress_balanced_r025_t001,random_delete_5,5,2,500,500,1000,2,high_00,"stress_balanced_r025_t001_e0057,stress_balanced_r025_t001_e0041,stress_balanced_r025_t001_e0004,stress_balanced_r025_t001_e0000,stress_balanced_r025_t001_e0007","19,11,14,17,14","10,8,0,0,1","1,1,-1,1,-1","0.20693253,0.26329047,-0.28121514,0.27333498,-0.29244076",1.31721388,3,2,5,0,1.555566,1.537404,-0.018162,95,90,102002
stress_balanced_r025_t001_A_r3_rep2,stress_balanced_r025_t001,random_delete_5,5,3,500,500,1000,2,high_00,"stress_balanced_r025_t001_e0060,stress_balanced_r025_t001_e0025,stress_balanced_r025_t001_e0043,stress_balanced_r025_t001_e0047,stress_balanced_r025_t001_e0089","5,14,6,1,11","11,5,8,9,19","-1,-1,-1,1,1","-0.2428764,-0.25295363,-0.39965561,0.23896391,0.30600237",1.44045192,2,3,5,0,1.555566,1.506443,-0.049123,95,90,102003
stress_balanced_r025_t001_A_r4_rep2,stress_balanced_r025_t001,random_delete_5,5,4,500,500,1000,2,high_00,"stress_balanced_r025_t001_e0054,stress_balanced_r025_t001_e0085,stress_balanced_r025_t001_e0094,stress_balanced_r025_t001_e0081,stress_balanced_r025_t001_e0087","7,7,0,12,11","10,18,19,17,18","1,-1,1,1,-1","0.21592949,-0.30456436,0.2099082,0.26441049,-0.234011",1.22882354,3,2,5,0,1.555566,1.514124,-0.041442,95,90,102004
stress_balanced_r025_t001_A_r5_rep2,stress_balanced_r025_t001,random_delete_5,5,5,500,500,1000,2,high_00,"stress_balanced_r025_t001_e0013,stress_balanced_r025_t001_e0050,stress_balanced_r025_t001_e0067,stress_balanced_r025_t001_e0058,stress_balanced_r025_t001_e0043","5,0,1,15,6","2,9,13,10,8","1,-1,-1,1,-1","0.30227462,-0.31781482,-0.2483861,0.31720367,-0.39965561",1.58533482,2,3,5,0,1.555566,1.550901,-0.004665,95,90,102005
stress_balanced_r025_t001_A_r6_rep2,stress_balanced_r025_t001,random_delete_5,5,6,500,500,1000,2,high_00,"stress_balanced_r025_t001_e0023,stress_balanced_r025_t001_e0049,stress_balanced_r025_t001_e0030,stress_balanced_r025_t001_e0031,stress_balanced_r025_t001_e0075","8,12,18,11,12","4,9,6,6,15","-1,1,-1,1,-1","-0.33691737,0.25077878,-0.38426113,0.22631829,-0.22195172",1.42022729,2,3,5,0,1.555566,1.563507,0.007941,95,90,102006
stress_balanced_r025_t001_A_r7_rep2,stress_balanced_r025_t001,random_delete_5,5,7,500,500,1000,2,high_00,"stress_balanced_r025_t001_e0078,stress_balanced_r025_t001_e0038,stress_balanced_r025_t001_e0066,stress_balanced_r025_t001_e0090,stress_balanced_r025_t001_e0079","19,1,16,2,18","17,7,13,19,17","1,1,-1,1,-1","0.21940557,0.39539898,-0.3323725,0.20024949,-0.32095758",1.46838412,3,2,5,0,1.555566,1.548008,-0.007558,95,90,102007
stress_balanced_r025_t001_A_r8_rep2,stress_balanced_r025_t001,random_delete_5,5,8,500,500,1000,2,high_00,"stress_balanced_r025_t001_e0086,stress_balanced_r025_t001_e0073,stress_balanced_r025_t001_e0001,stress_balanced_r025_t001_e0074,stress_balanced_r025_t001_e0009","1,5,13,11,2","18,15,0,15,1","1,-1,-1,1,-1","0.3716126,-0.32314756,-0.26796084,0.36564161,-0.36563104",1.69399365,2,3,5,0,1.555566,1.484531,-0.071035,95,90,102008
stress_balanced_r025_t001_A_r9_rep2,stress_balanced_r025_t001,random_delete_5,5,9,500,500,1000,2,high_00,"stress_balanced_r025_t001_e0084,stress_balanced_r025_t001_e0076,stress_balanced_r025_t001_e0014,stress_balanced_r025_t001_e0070,stress_balanced_r025_t001_e0044","8,1,15,1,16","18,16,2,15,8","-1,1,-1,-1,-1","-0.33410656,0.35305397,-0.32019154,-0.35782908,-0.39898675",1.7641679,1,4,5,0,1.555566,1.495532,-0.060034,95,90,102009
stress_balanced_r025_t001_B_r0_rep2,stress_balanced_r025_t001,target_strongest_5,5,0,500,500,1000,2,high_00,"stress_balanced_r025_t001_e0043,stress_balanced_r025_t001_e0044,stress_balanced_r025_t001_e0038,stress_balanced_r025_t001_e0088,stress_balanced_r025_t001_e0030","6,16,1,4,18","8,8,7,18,6","-1,-1,1,1,-1","-0.39965561,-0.39898675,0.39539898,0.39331892,-0.38426113",1.97162139,2,3,5,0,1.555566,1.594593,0.039027,95,90,
stress_balanced_r025_t001_C_r0_rep2,stress_balanced_r025_t001,target_hub_outgoing_5,5,0,500,500,1000,2,high_00,"stress_balanced_r025_t001_e0071,stress_balanced_r025_t001_e0007,stress_balanced_r025_t001_e0022,stress_balanced_r025_t001_e0016,stress_balanced_r025_t001_e0004","14,14,14,14,14","15,1,4,2,0","1,-1,1,1,-1","0.31152901,-0.29244076,0.36580687,0.36717695,-0.28121514",1.61816873,3,2,5,0,1.555566,1.576718,0.021152,95,90,102000
stress_balanced_r025_t001_D_r0_rep2,stress_balanced_r025_t001,target_largest_scc_internal_5,5,0,500,500,1000,2,high_00,"stress_balanced_r025_t001_e0036,stress_balanced_r025_t001_e0021,stress_balanced_r025_t001_e0014,stress_balanced_r025_t001_e0002,stress_balanced_r025_t001_e0087","6,12,15,18,11","7,4,2,0,18","-1,-1,-1,-1,-1","-0.20468611,-0.20083475,-0.32019154,-0.29946911,-0.234011",1.25919251,0,5,5,0,1.555566,1.47682,-0.078746,95,90,102000
stress_balanced_r025_t001_A_r0_rep3,stress_balanced_r025_t001,random_delete_5,5,0,500,500,1000,3,sparse_00,"stress_balanced_r025_t001_e0024,stress_balanced_r025_t001_e0041,stress_balanced_r025_t001_e0055,stress_balanced_r025_t001_e0085,stress_balanced_r025_t001_e0082","17,11,9,7,3","4,8,10,18,18","1,1,1,-1,1","0.33859639,0.26329047,0.36320412,-0.30456436,0.32480702",1.59446236,4,1,5,0,1.555566,1.493801,-0.061765,95,90,103000
stress_balanced_r025_t001_A_r1_rep3,stress_balanced_r025_t001,random_delete_5,5,1,500,500,1000,3,sparse_00,"stress_balanced_r025_t001_e0034,stress_balanced_r025_t001_e0083,stress_balanced_r025_t001_e0068,stress_balanced_r025_t001_e0061,stress_balanced_r025_t001_e0005","9,2,2,16,8","6,18,14,11,1","-1,1,-1,1,1","-0.21946879,0.32246445,-0.26195797,0.29298018,0.31453738",1.41140877,3,2,5,0,1.555566,1.506657,-0.048909,95,90,103001
stress_balanced_r025_t001_A_r2_rep3,stress_balanced_r025_t001,random_delete_5,5,2,500,500,1000,3,sparse_00,"stress_balanced_r025_t001_e0079,stress_balanced_r025_t001_e0058,stress_balanced_r025_t001_e0015,stress_balanced_r025_t001_e0094,stress_balanced_r025_t001_e0073","18,15,16,0,5","17,10,2,19,15","-1,1,1,1,-1","-0.32095758,0.31720367,0.2881059,0.2099082,-0.32314756",1.45932291,3,2,5,0,1.555566,1.518885,-0.036681,95,90,103002
stress_balanced_r025_t001_A_r3_rep3,stress_balanced_r025_t001,random_delete_5,5,3,500,500,1000,3,sparse_00,"stress_balanced_r025_t001_e0084,stress_balanced_r025_t001_e0024,stress_balanced_r025_t001_e0041,stress_balanced_r025_t001_e0019,stress_balanced_r025_t001_e0031","8,17,11,2,11","18,4,8,3,6","-1,1,1,1,1","-0.33410656,0.33859639,0.26329047,0.32623376,0.22631829",1.48854547,4,1,5,0,1.555566,1.529431,-0.026135,95,90,103003
stress_balanced_r025_t001_A_r4_rep3,stress_balanced_r025_t001,random_delete_5,5,4,500,500,1000,3,sparse_00,"stress_balanced_r025_t001_e0066,stress_balanced_r025_t001_e0038,stress_balanced_r025_t001_e0019,stress_balanced_r025_t001_e0015,stress_balanced_r025_t001_e0074","16,1,2,16,11","13,7,3,2,15","-1,1,1,1,1","-0.3323725,0.39539898,0.32623376,0.2881059,0.36564161",1.70775275,4,1,5,0,1.555566,1.575149,0.019583,95,90,103004
stress_balanced_r025_t001_A_r5_rep3,stress_balanced_r025_t001,random_delete_5,5,5,500,500,1000,3,sparse_00,"stress_balanced_r025_t001_e0037,stress_balanced_r025_t001_e0055,stress_balanced_r025_t001_e0050,stress_balanced_r025_t001_e0066,stress_balanced_r025_t001_e0044","18,9,0,16,16","7,10,9,13,8","-1,1,-1,-1,-1","-0.23929641,0.36320412,-0.31781482,-0.3323725,-0.39898675",1.6516746,1,4,5,0,1.555566,1.519608,-0.035958,95,90,103005
stress_balanced_r025_t001_A_r6_rep3,stress_balanced_r025_t001,random_delete_5,5,6,500,500,1000,3,sparse_00,"stress_balanced_r025_t001_e0058,stress_balanced_r025_t001_e0024,stress_balanced_r025_t001_e0004,stress_balanced_r025_t001_e0088,stress_balanced_r025_t001_e0007","15,17,14,4,14","10,4,0,18,1","1,1,-1,1,-1","0.31720367,0.33859639,-0.28121514,0.39331892,-0.29244076",1.62277488,3,2,5,0,1.555566,1.579993,0.024427,95,90,103006
stress_balanced_r025_t001_A_r7_rep3,stress_balanced_r025_t001,random_delete_5,5,7,500,500,1000,3,sparse_00,"stress_balanced_r025_t001_e0061,stress_balanced_r025_t001_e0039,stress_balanced_r025_t001_e0056,stress_balanced_r025_t001_e0027,stress_balanced_r025_t001_e0092","16,9,13,11,17","11,7,10,5,19","1,1,-1,-1,1","0.29298018,0.29689429,-0.21726695,-0.2309246,0.28285817",1.32092419,3,2,5,0,1.555566,1.400292,-0.155274,95,90,103007
stress_balanced_r025_t001_A_r8_rep3,stress_balanced_r025_t001,random_delete_5,5,8,500,500,1000,3,sparse_00,"stress_balanced_r025_t001_e0046,stress_balanced_r025_t001_e0085,stress_balanced_r025_t001_e0045,stress_balanced_r025_t001_e0037,stress_balanced_r025_t001_e0042","10,7,18,18,19","9,18,8,7,8","1,-1,-1,-1,1","0.34137246,-0.30456436,-0.26773876,-0.23929641,0.24150753",1.39447952,2,3,5,0,1.555566,1.406359,-0.149207,95,90,103008
stress_balanced_r025_t001_A_r9_rep3,stress_balanced_r025_t001,random_delete_5,5,9,500,500,1000,3,sparse_00,"stress_balanced_r025_t001_e0015,stress_balanced_r025_t001_e0038,stress_balanced_r025_t001_e0012,stress_balanced_r025_t001_e0030,stress_balanced_r025_t001_e0035","16,1,9,18,11","2,7,2,6,7","1,1,1,-1,1","0.2881059,0.39539898,0.21477766,-0.38426113,0.35797297",1.64051664,4,1,5,0,1.555566,1.570398,0.014832,95,90,103009
stress_balanced_r025_t001_B_r0_rep3,stress_balanced_r025_t001,target_strongest_5,5,0,500,500,1000,3,sparse_00,"stress_balanced_r025_t001_e0043,stress_balanced_r025_t001_e0044,stress_balanced_r025_t001_e0038,stress_balanced_r025_t001_e0088,stress_balanced_r025_t001_e0030","6,16,1,4,18","8,8,7,18,6","-1,-1,1,1,-1","-0.39965561,-0.39898675,0.39539898,0.39331892,-0.38426113",1.97162139,2,3,5,0,1.555566,1.594593,0.039027,95,90,
stress_balanced_r025_t001_C_r0_rep3,stress_balanced_r025_t001,target_hub_outgoing_5,5,0,500,500,1000,3,sparse_00,"stress_balanced_r025_t001_e0025,stress_balanced_r025_t001_e0016,stress_balanced_r025_t001_e0007,stress_balanced_r025_t001_e0080,stress_balanced_r025_t001_e0071","14,14,14,14,14","5,2,1,17,15","-1,1,-1,1,1","-0.25295363,0.36717695,-0.29244076,0.2553494,0.31152901",1.47944975,3,2,5,0,1.555566,1.544054,-0.011512,95,90,103000
stress_balanced_r025_t001_D_r0_rep3,stress_balanced_r025_t001,target_largest_scc_internal_5,5,0,500,500,1000,3,sparse_00,"stress_balanced_r025_t001_e0046,stress_balanced_r025_t001_e0068,stress_balanced_r025_t001_e0017,stress_balanced_r025_t001_e0032,stress_balanced_r025_t001_e0071","10,2,17,19,14","9,14,2,6,15","1,-1,-1,-1,1","0.34137246,-0.26195797,-0.38193888,-0.27657375,0.31152901",1.57337207,2,3,5,0,1.555566,1.45711,-0.098456,95,90,103000
stress_balanced_r025_t001_A_r0_rep4,stress_balanced_r025_t001,random_delete_5,5,0,500,500,1000,4,low_01,"stress_balanced_r025_t001_e0006,stress_balanced_r025_t001_e0016,stress_balanced_r025_t001_e0048,stress_balanced_r025_t001_e0001,stress_balanced_r025_t001_e0011","5,14,17,13,11","1,2,9,0,1","1,1,-1,-1,-1","0.37235242,0.36717695,-0.21661504,-0.26796084,-0.21690028",1.44100553,2,3,5,0,1.555566,1.591215,0.035649,95,90,104000
stress_balanced_r025_t001_A_r1_rep4,stress_balanced_r025_t001,random_delete_5,5,1,500,500,1000,4,low_01,"stress_balanced_r025_t001_e0013,stress_balanced_r025_t001_e0005,stress_balanced_r025_t001_e0060,stress_balanced_r025_t001_e0075,stress_balanced_r025_t001_e0037","5,8,5,12,18","2,1,11,15,7","1,1,-1,-1,-1","0.30227462,0.31453738,-0.2428764,-0.22195172,-0.23929641",1.32093653,2,3,5,0,1.555566,1.429056,-0.12651,95,90,104001
stress_balanced_r025_t001_A_r2_rep4,stress_balanced_r025_t001,random_delete_5,5,2,500,500,1000,4,low_01,"stress_balanced_r025_t001_e0061,stress_balanced_r025_t001_e0008,stress_balanced_r025_t001_e0089,stress_balanced_r025_t001_e0036,stress_balanced_r025_t001_e0003","16,7,11,6,10","11,1,19,7,0","1,-1,1,-1,-1","0.29298018,-0.21351928,0.30600237,-0.20468611,-0.34038971",1.35757765,2,3,5,0,1.555566,1.520614,-0.034952,95,90,104002
stress_balanced_r025_t001_A_r3_rep4,stress_balanced_r025_t001,random_delete_5,5,3,500,500,1000,4,low_01,"stress_balanced_r025_t001_e0056,stress_balanced_r025_t001_e0037,stress_balanced_r025_t001_e0093,stress_balanced_r025_t001_e0069,stress_balanced_r025_t001_e0083","13,18,6,5,2","10,7,19,14,18","-1,-1,1,-1,1","-0.21726695,-0.23929641,0.31001041,-0.30115018,0.32246445",1.3901884,2,3,5,0,1.555566,1.503042,-0.052524,95,90,104003
stress_balanced_r025_t001_A_r4_rep4,stress_balanced_r025_t001,random_delete_5,5,4,500,500,1000,4,low_01,"stress_balanced_r025_t001_e0013,stress_balanced_r025_t001_e0058,stress_balanced_r025_t001_e0072,stress_balanced_r025_t001_e0073,stress_balanced_r025_t001_e0074","5,15,9,5,11","2,10,15,15,15","1,1,1,-1,1","0.30227462,0.31720367,0.31423009,-0.32314756,0.36564161",1.62249755,4,1,5,0,1.555566,1.51115,-0.044416,95,90,104004
stress_balanced_r025_t001_A_r5_rep4,stress_balanced_r025_t001,random_delete_5,5,5,500,500,1000,4,low_01,"stress_balanced_r025_t001_e0055,stress_balanced_r025_t001_e0063,stress_balanced_r025_t001_e0000,stress_balanced_r025_t001_e0087,stress_balanced_r025_t001_e0018","9,14,17,11,10","10,13,0,18,2","1,1,1,-1,1","0.36320412,0.24490732,0.27333498,-0.234011,0.2300502",1.34550762,4,1,5,0,1.555566,1.551417,-0.004149,95,90,104005
stress_balanced_r025_t001_A_r6_rep4,stress_balanced_r025_t001,random_delete_5,5,6,500,500,1000,4,low_01,"stress_balanced_r025_t001_e0018,stress_balanced_r025_t001_e0031,stress_balanced_r025_t001_e0055,stress_balanced_r025_t001_e0015,stress_balanced_r025_t001_e0035","10,11,9,16,11","2,6,10,2,7","1,1,1,1,1","0.2300502,0.22631829,0.36320412,0.2881059,0.35797297",1.46565148,5,0,5,0,1.555566,1.553258,-0.002308,95,90,104006
stress_balanced_r025_t001_A_r7_rep4,stress_balanced_r025_t001,random_delete_5,5,7,500,500,1000,4,low_01,"stress_balanced_r025_t001_e0031,stress_balanced_r025_t001_e0090,stress_balanced_r025_t001_e0056,stress_balanced_r025_t001_e0076,stress_balanced_r025_t001_e0091","11,2,13,1,5","6,19,10,16,19","1,1,-1,1,-1","0.22631829,0.20024949,-0.21726695,0.35305397,-0.34106487",1.33795357,3,2,5,0,1.555566,1.543205,-0.012361,95,90,104007
stress_balanced_r025_t001_A_r8_rep4,stress_balanced_r025_t001,random_delete_5,5,8,500,500,1000,4,low_01,"stress_balanced_r025_t001_e0006,stress_balanced_r025_t001_e0034,stress_balanced_r025_t001_e0075,stress_balanced_r025_t001_e0031,stress_balanced_r025_t001_e0040","5,9,12,11,3","1,6,15,6,7","1,-1,-1,1,-1","0.37235242,-0.21946879,-0.22195172,0.22631829,-0.22207097",1.26216219,2,3,5,0,1.555566,1.550539,-0.005027,95,90,104008
stress_balanced_r025_t001_A_r9_rep4,stress_balanced_r025_t001,random_delete_5,5,9,500,500,1000,4,low_01,"stress_balanced_r025_t001_e0051,stress_balanced_r025_t001_e0094,stress_balanced_r025_t001_e0054,stress_balanced_r025_t001_e0046,stress_balanced_r025_t001_e0047","3,0,7,10,1","9,19,10,9,9","1,1,1,1,1","0.20572685,0.2099082,0.21592949,0.34137246,0.23896391",1.21190091,5,0,5,0,1.555566,1.543322,-0.012244,95,90,104009
stress_balanced_r025_t001_B_r0_rep4,stress_balanced_r025_t001,target_strongest_5,5,0,500,500,1000,4,low_01,"stress_balanced_r025_t001_e0043,stress_balanced_r025_t001_e0044,stress_balanced_r025_t001_e0038,stress_balanced_r025_t001_e0088,stress_balanced_r025_t001_e0030","6,16,1,4,18","8,8,7,18,6","-1,-1,1,1,-1","-0.39965561,-0.39898675,0.39539898,0.39331892,-0.38426113",1.97162139,2,3,5,0,1.555566,1.594593,0.039027,95,90,
stress_balanced_r025_t001_C_r0_rep4,stress_balanced_r025_t001,target_hub_outgoing_5,5,0,500,500,1000,4,low_01,"stress_balanced_r025_t001_e0022,stress_balanced_r025_t001_e0007,stress_balanced_r025_t001_e0004,stress_balanced_r025_t001_e0025,stress_balanced_r025_t001_e0080","14,14,14,14,14","4,1,0,5,17","1,-1,-1,-1,1","0.36580687,-0.29244076,-0.28121514,-0.25295363,0.2553494",1.4477658,2,3,5,0,1.555566,1.550103,-0.005463,95,90,104000
stress_balanced_r025_t001_D_r0_rep4,stress_balanced_r025_t001,target_largest_scc_internal_5,5,0,500,500,1000,4,low_01,"stress_balanced_r025_t001_e0058,stress_balanced_r025_t001_e0092,stress_balanced_r025_t001_e0001,stress_balanced_r025_t001_e0033,stress_balanced_r025_t001_e0021","15,17,13,15,12","10,19,0,6,4","1,1,-1,-1,-1","0.31720367,0.28285817,-0.26796084,-0.23028058,-0.20083475",1.29913801,2,3,5,0,1.555566,1.499929,-0.055637,95,90,104000
stress_repression_biased_r010_t004_A_r0_rep0,stress_repression_biased_r010_t004,random_delete_5,5,0,500,500,1000,0,low_00,"stress_repression_biased_r010_t004_e0018,stress_repression_biased_r010_t004_e0023,stress_repression_biased_r010_t004_e0000,stress_repression_biased_r010_t004_e0029,stress_repression_biased_r010_t004_e0009","6,11,10,11,3","9,12,1,14,6","1,1,-1,-1,-1","0.39304239,0.37628943,-0.25556136,-0.30608287,-0.25393027",1.58490632,2,3,2,0,1.059637,1.056264,-0.003373,38,33,110000
stress_repression_biased_r010_t004_A_r1_rep0,stress_repression_biased_r010_t004,random_delete_5,5,1,500,500,1000,0,low_00,"stress_repression_biased_r010_t004_e0023,stress_repression_biased_r010_t004_e0014,stress_repression_biased_r010_t004_e0030,stress_repression_biased_r010_t004_e0032,stress_repression_biased_r010_t004_e0036","11,11,6,6,2","12,7,15,16,19","1,-1,-1,-1,-1","0.37628943,-0.27124359,-0.28391999,-0.20124119,-0.3874637",1.5201579,1,4,3,0,1.059637,1.055098,-0.004539,38,33,110001
stress_repression_biased_r010_t004_A_r2_rep0,stress_repression_biased_r010_t004,random_delete_5,5,2,500,500,1000,0,low_00,"stress_repression_biased_r010_t004_e0008,stress_repression_biased_r010_t004_e0032,stress_repression_biased_r010_t004_e0031,stress_repression_biased_r010_t004_e0026,stress_repression_biased_r010_t004_e0016","7,6,18,8,17","5,16,15,13,8","-1,-1,1,-1,-1","-0.2432361,-0.20124119,0.21212045,-0.23535494,-0.2357513",1.12770398,1,4,4,0,1.059637,1.055097,-0.00454,38,33,110002
stress_repression_biased_r010_t004_A_r3_rep0,stress_repression_biased_r010_t004,random_delete_5,5,3,500,500,1000,0,low_00,"stress_repression_biased_r010_t004_e0013,stress_repression_biased_r010_t004_e0011,stress_repression_biased_r010_t004_e0010,stress_repression_biased_r010_t004_e0014,stress_repression_biased_r010_t004_e0005","18,13,19,11,13","7,6,6,7,3","-1,-1,-1,-1,-1","-0.28521675,-0.36957606,-0.2410159,-0.27124359,-0.23876801",1.40582031,0,5,5,0,1.059637,0.98358,-0.076057,38,33,110003
stress_repression_biased_r010_t004_A_r4_rep0,stress_repression_biased_r010_t004,random_delete_5,5,4,500,500,1000,0,low_00,"stress_repression_biased_r010_t004_e0012,stress_repression_biased_r010_t004_e0019,stress_repression_biased_r010_t004_e0020,stress_repression_biased_r010_t004_e0029,stress_repression_biased_r010_t004_e0018","17,19,15,11,6","6,9,11,14,9","1,1,-1,-1,1","0.3558696,0.32968516,-0.22430075,-0.30608287,0.39304239",1.60898077,3,2,3,0,1.059637,1.063245,0.003608,38,33,110004
stress_repression_biased_r010_t004_A_r5_rep0,stress_repression_biased_r010_t004,random_delete_5,5,5,500,500,1000,0,low_00,"stress_repression_biased_r010_t004_e0030,stress_repression_biased_r010_t004_e0000,stress_repression_biased_r010_t004_e0017,stress_repression_biased_r010_t004_e0002,stress_repression_biased_r010_t004_e0020","6,10,4,3,15","15,1,8,1,11","-1,-1,1,-1,-1","-0.28391999,-0.25556136,0.34627494,-0.34953181,-0.22430075",1.45958885,1,4,4,0,1.059637,1.057336,-0.002301,38,33,110005
stress_repression_biased_r010_t004_A_r6_rep0,stress_repression_biased_r010_t004,random_delete_5,5,6,500,500,1000,0,low_00,"stress_repression_biased_r010_t004_e0002,stress_repression_biased_r010_t004_e0036,stress_repression_biased_r010_t004_e0027,stress_repression_biased_r010_t004_e0003,stress_repression_biased_r010_t004_e0021","3,2,10,6,3","1,19,13,2,11","-1,-1,-1,-1,-1","-0.34953181,-0.3874637,-0.33162232,-0.2736391,-0.30964128",1.65189821,0,5,4,0,1.059637,1.095779,0.036142,38,33,110006
stress_repression_biased_r010_t004_A_r7_rep0,stress_repression_biased_r010_t004,random_delete_5,5,7,500,500,1000,0,low_00,"stress_repression_biased_r010_t004_e0035,stress_repression_biased_r010_t004_e0018,stress_repression_biased_r010_t004_e0031,stress_repression_biased_r010_t004_e0009,stress_repression_biased_r010_t004_e0036","1,6,18,3,2","18,9,15,6,19","1,1,1,-1,-1","0.27906753,0.39304239,0.21212045,-0.25393027,-0.3874637",1.52562434,3,2,4,0,1.059637,1.001793,-0.057844,38,33,110007
stress_repression_biased_r010_t004_A_r8_rep0,stress_repression_biased_r010_t004,random_delete_5,5,8,500,500,1000,0,low_00,"stress_repression_biased_r010_t004_e0010,stress_repression_biased_r010_t004_e0034,stress_repression_biased_r010_t004_e0023,stress_repression_biased_r010_t004_e0035,stress_repression_biased_r010_t004_e0030","19,2,11,1,6","6,17,12,18,15","-1,1,1,1,-1","-0.2410159,0.3389943,0.37628943,0.27906753,-0.28391999",1.51928715,3,2,4,0,1.059637,1.069007,0.00937,38,33,110008
stress_repression_biased_r010_t004_A_r9_rep0,stress_repression_biased_r010_t004,random_delete_5,5,9,500,500,1000,0,low_00,"stress_repression_biased_r010_t004_e0011,stress_repression_biased_r010_t004_e0012,stress_repression_biased_r010_t004_e0013,stress_repression_biased_r010_t004_e0010,stress_repression_biased_r010_t004_e0015","13,17,18,19,7","6,6,7,6,8","-1,1,-1,-1,1","-0.36957606,0.3558696,-0.28521675,-0.2410159,0.26741751",1.51909582,2,3,5,0,1.059637,1.084806,0.025169,38,33,110009
stress_repression_biased_r010_t004_B_r0_rep0,stress_repression_biased_r010_t004,target_strongest_5,5,0,500,500,1000,0,low_00,"stress_repression_biased_r010_t004_e0018,stress_repression_biased_r010_t004_e0036,stress_repression_biased_r010_t004_e0023,stress_repression_biased_r010_t004_e0011,stress_repression_biased_r010_t004_e0024","6,2,11,13,10","9,19,12,6,12","1,-1,1,-1,-1","0.39304239,-0.3874637,0.37628943,-0.36957606,-0.35855563",1.88492721,2,3,2,0,1.059637,1.070819,0.011182,38,33,
stress_repression_biased_r010_t004_C_r0_rep0,stress_repression_biased_r010_t004,target_hub_outgoing_5,5,0,500,500,1000,0,low_00,"stress_repression_biased_r010_t004_e0028,stress_repression_biased_r010_t004_e0000,stress_repression_biased_r010_t004_e0027,stress_repression_biased_r010_t004_e0024,stress_repression_biased_r010_t004_e0022","10,10,10,10,10","14,1,13,12,11","1,-1,-1,-1,-1","0.24405014,-0.25556136,-0.33162232,-0.35855563,-0.25073056",1.44052001,1,4,0,0,1.059637,1.059637,0.0,38,33,110000
stress_repression_biased_r010_t004_D_r0_rep0,stress_repression_biased_r010_t004,target_largest_scc_internal_5,5,0,500,500,1000,0,low_00,"stress_repression_biased_r010_t004_e0020,stress_repression_biased_r010_t004_e0005,stress_repression_biased_r010_t004_e0009,stress_repression_biased_r010_t004_e0008,stress_repression_biased_r010_t004_e0016","15,13,3,7,17","11,3,6,5,8","-1,-1,-1,-1,-1","-0.22430075,-0.23876801,-0.25393027,-0.2432361,-0.2357513",1.19598643,0,5,5,0,1.059637,1.032311,-0.027326,38,33,110000
stress_repression_biased_r010_t004_A_r0_rep1,stress_repression_biased_r010_t004,random_delete_5,5,0,500,500,1000,1,medium_00,"stress_repression_biased_r010_t004_e0005,stress_repression_biased_r010_t004_e0029,stress_repression_biased_r010_t004_e0034,stress_repression_biased_r010_t004_e0025,stress_repression_biased_r010_t004_e0033","13,11,2,1,6","3,14,17,13,17","-1,-1,1,-1,-1","-0.23876801,-0.30608287,0.3389943,-0.29086162,-0.2563795",1.4310863,1,4,5,0,1.059637,1.040545,-0.019092,38,33,111000
stress_repression_biased_r010_t004_A_r1_rep1,stress_repression_biased_r010_t004,random_delete_5,5,1,500,500,1000,1,medium_00,"stress_repression_biased_r010_t004_e0032,stress_repression_biased_r010_t004_e0020,stress_repression_biased_r010_t004_e0029,stress_repression_biased_r010_t004_e0004,stress_repression_biased_r010_t004_e0031","6,15,11,3,18","16,11,14,2,15","-1,-1,-1,1,1","-0.20124119,-0.22430075,-0.30608287,0.35266167,0.21212045",1.29640693,2,3,4,0,1.059637,1.080376,0.020739,38,33,111001
stress_repression_biased_r010_t004_A_r2_rep1,stress_repression_biased_r010_t004,random_delete_5,5,2,500,500,1000,1,medium_00,"stress_repression_biased_r010_t004_e0010,stress_repression_biased_r010_t004_e0016,stress_repression_biased_r010_t004_e0019,stress_repression_biased_r010_t004_e0025,stress_repression_biased_r010_t004_e0008","19,17,19,1,7","6,8,9,13,5","-1,-1,1,-1,-1","-0.2410159,-0.2357513,0.32968516,-0.29086162,-0.2432361",1.34055008,1,4,4,0,1.059637,1.035408,-0.024229,38,33,111002
stress_repression_biased_r010_t004_A_r3_rep1,stress_repression_biased_r010_t004,random_delete_5,5,3,500,500,1000,1,medium_00,"stress_repression_biased_r010_t004_e0015,stress_repression_biased_r010_t004_e0029,stress_repression_biased_r010_t004_e0027,stress_repression_biased_r010_t004_e0008,stress_repression_biased_r010_t004_e0013","7,11,10,7,18","8,14,13,5,7","1,-1,-1,-1,-1","0.26741751,-0.30608287,-0.33162232,-0.2432361,-0.28521675",1.43357555,1,4,4,0,1.059637,1.009412,-0.050225,38,33,111003
stress_repression_biased_r010_t004_A_r4_rep1,stress_repression_biased_r010_t004,random_delete_5,5,4,500,500,1000,1,medium_00,"stress_repression_biased_r010_t004_e0003,stress_repression_biased_r010_t004_e0026,stress_repression_biased_r010_t004_e0030,stress_repression_biased_r010_t004_e0034,stress_repression_biased_r010_t004_e0036","6,8,6,2,2","2,13,15,17,19","-1,-1,-1,1,-1","-0.2736391,-0.23535494,-0.28391999,0.3389943,-0.3874637",1.51937203,1,4,5,0,1.059637,1.073679,0.014042,38,33,111004
stress_repression_biased_r010_t004_A_r5_rep1,stress_repression_biased_r010_t004,random_delete_5,5,5,500,500,1000,1,medium_00,"stress_repression_biased_r010_t004_e0002,stress_repression_biased_r010_t004_e0033,stress_repression_biased_r010_t004_e0000,stress_repression_biased_r010_t004_e0036,stress_repression_biased_r010_t004_e0008","3,6,10,2,7","1,17,1,19,5","-1,-1,-1,-1,-1","-0.34953181,-0.2563795,-0.25556136,-0.3874637,-0.2432361",1.49217247,0,5,4,0,1.059637,1.056423,-0.003214,38,33,111005
stress_repression_biased_r010_t004_A_r6_rep1,stress_repression_biased_r010_t004,random_delete_5,5,6,500,500,1000,1,medium_00,"stress_repression_biased_r010_t004_e0006,stress_repression_biased_r010_t004_e0029,stress_repression_biased_r010_t004_e0017,stress_repression_biased_r010_t004_e0034,stress_repression_biased_r010_t004_e0003","2,11,4,2,6","4,14,8,17,2","-1,-1,1,1,-1","-0.34488269,-0.30608287,0.34627494,0.3389943,-0.2736391",1.6098739,2,3,5,0,1.059637,1.080037,0.0204,38,33,111006
stress_repression_biased_r010_t004_A_r7_rep1,stress_repression_biased_r010_t004,random_delete_5,5,7,500,500,1000,1,medium_00,"stress_repression_biased_r010_t004_e0014,stress_repression_biased_r010_t004_e0003,stress_repression_biased_r010_t004_e0026,stress_repression_biased_r010_t004_e0016,stress_repression_biased_r010_t004_e0012","11,6,8,17,17","7,2,13,8,6","-1,-1,-1,-1,1","-0.27124359,-0.2736391,-0.23535494,-0.2357513,0.3558696",1.37185853,1,4,5,0,1.059637,1.077722,0.018085,38,33,111007
stress_repression_biased_r010_t004_A_r8_rep1,stress_repression_biased_r010_t004,random_delete_5,5,8,500,500,1000,1,medium_00,"stress_repression_biased_r010_t004_e0016,stress_repression_biased_r010_t004_e0025,stress_repression_biased_r010_t004_e0036,stress_repression_biased_r010_t004_e0008,stress_repression_biased_r010_t004_e0007","17,1,2,7,2","8,13,19,5,5","-1,-1,-1,-1,-1","-0.2357513,-0.29086162,-0.3874637,-0.2432361,-0.31548956",1.47280228,0,5,5,0,1.059637,1.015187,-0.04445,38,33,111008
stress_repression_biased_r010_t004_A_r9_rep1,stress_repression_biased_r010_t004,random_delete_5,5,9,500,500,1000,1,medium_00,"stress_repression_biased_r010_t004_e0025,stress_repression_biased_r010_t004_e0009,stress_repression_biased_r010_t004_e0007,stress_repression_biased_r010_t004_e0031,stress_repression_biased_r010_t004_e0002","1,3,2,18,3","13,6,5,15,1","-1,-1,-1,1,-1","-0.29086162,-0.25393027,-0.31548956,0.21212045,-0.34953181",1.42193371,1,4,5,0,1.059637,1.043207,-0.01643,38,33,111009
stress_repression_biased_r010_t004_B_r0_rep1,stress_repression_biased_r010_t004,target_strongest_5,5,0,500,500,1000,1,medium_00,"stress_repression_biased_r010_t004_e0018,stress_repression_biased_r010_t004_e0036,stress_repression_biased_r010_t004_e0023,stress_repression_biased_r010_t004_e0011,stress_repression_biased_r010_t004_e0024","6,2,11,13,10","9,19,12,6,12","1,-1,1,-1,-1","0.39304239,-0.3874637,0.37628943,-0.36957606,-0.35855563",1.88492721,2,3,2,0,1.059637,1.070819,0.011182,38,33,
stress_repression_biased_r010_t004_C_r0_rep1,stress_repression_biased_r010_t004,target_hub_outgoing_5,5,0,500,500,1000,1,medium_00,"stress_repression_biased_r010_t004_e0027,stress_repression_biased_r010_t004_e0000,stress_repression_biased_r010_t004_e0028,stress_repression_biased_r010_t004_e0024,stress_repression_biased_r010_t004_e0022","10,10,10,10,10","13,1,14,12,11","-1,-1,1,-1,-1","-0.33162232,-0.25556136,0.24405014,-0.35855563,-0.25073056",1.44052001,1,4,0,0,1.059637,1.059637,0.0,38,33,111000
stress_repression_biased_r010_t004_D_r0_rep1,stress_repression_biased_r010_t004,target_largest_scc_internal_5,5,0,500,500,1000,1,medium_00,"stress_repression_biased_r010_t004_e0015,stress_repression_biased_r010_t004_e0014,stress_repression_biased_r010_t004_e0016,stress_repression_biased_r010_t004_e0025,stress_repression_biased_r010_t004_e0026","7,11,17,1,8","8,7,8,13,13","1,-1,-1,-1,-1","0.26741751,-0.27124359,-0.2357513,-0.29086162,-0.23535494",1.30062896,1,4,5,0,1.059637,1.043125,-0.016512,38,33,111000
stress_repression_biased_r010_t004_A_r0_rep2,stress_repression_biased_r010_t004,random_delete_5,5,0,500,500,1000,2,high_00,"stress_repression_biased_r010_t004_e0005,stress_repression_biased_r010_t004_e0013,stress_repression_biased_r010_t004_e0014,stress_repression_biased_r010_t004_e0036,stress_repression_biased_r010_t004_e0010","13,18,11,2,19","3,7,7,19,6","-1,-1,-1,-1,-1","-0.23876801,-0.28521675,-0.27124359,-0.3874637,-0.2410159",1.42370795,0,5,5,0,1.059637,1.018188,-0.041449,38,33,112000
stress_repression_biased_r010_t004_A_r1_rep2,stress_repression_biased_r010_t004,random_delete_5,5,1,500,500,1000,2,high_00,"stress_repression_biased_r010_t004_e0001,stress_repression_biased_r010_t004_e0021,stress_repression_biased_r010_t004_e0026,stress_repression_biased_r010_t004_e0025,stress_repression_biased_r010_t004_e0030","5,3,8,1,6","1,11,13,13,15","-1,-1,-1,-1,-1","-0.31012945,-0.30964128,-0.23535494,-0.29086162,-0.28391999",1.42990728,0,5,5,0,1.059637,1.037867,-0.02177,38,33,112001
stress_repression_biased_r010_t004_A_r2_rep2,stress_repression_biased_r010_t004,random_delete_5,5,2,500,500,1000,2,high_00,"stress_repression_biased_r010_t004_e0008,stress_repression_biased_r010_t004_e0023,stress_repression_biased_r010_t004_e0011,stress_repression_biased_r010_t004_e0037,stress_repression_biased_r010_t004_e0015","7,11,13,14,7","5,12,6,19,8","-1,1,-1,1,1","-0.2432361,0.37628943,-0.36957606,0.35167233,0.26741751",1.60819143,3,2,4,0,1.059637,1.050734,-0.008903,38,33,112002
stress_repression_biased_r010_t004_A_r3_rep2,stress_repression_biased_r010_t004,random_delete_5,5,3,500,500,1000,2,high_00,"stress_repression_biased_r010_t004_e0014,stress_repression_biased_r010_t004_e0019,stress_repression_biased_r010_t004_e0033,stress_repression_biased_r010_t004_e0016,stress_repression_biased_r010_t004_e0009","11,19,6,17,3","7,9,17,8,6","-1,1,-1,-1,-1","-0.27124359,0.32968516,-0.2563795,-0.2357513,-0.25393027",1.34698982,1,4,4,0,1.059637,1.064065,0.004428,38,33,112003
stress_repression_biased_r010_t004_A_r4_rep2,stress_repression_biased_r010_t004,random_delete_5,5,4,500,500,1000,2,high_00,"stress_repression_biased_r010_t004_e0031,stress_repression_biased_r010_t004_e0027,stress_repression_biased_r010_t004_e0005,stress_repression_biased_r010_t004_e0013,stress_repression_biased_r010_t004_e0007","18,10,13,18,2","15,13,3,7,5","1,-1,-1,-1,-1","0.21212045,-0.33162232,-0.23876801,-0.28521675,-0.31548956",1.38321709,1,4,4,0,1.059637,1.050242,-0.009395,38,33,112004
stress_repression_biased_r010_t004_A_r5_rep2,stress_repression_biased_r010_t004,random_delete_5,5,5,500,500,1000,2,high_00,"stress_repression_biased_r010_t004_e0022,stress_repression_biased_r010_t004_e0032,stress_repression_biased_r010_t004_e0006,stress_repression_biased_r010_t004_e0017,stress_repression_biased_r010_t004_e0020","10,6,2,4,15","11,16,4,8,11","-1,-1,-1,1,-1","-0.25073056,-0.20124119,-0.34488269,0.34627494,-0.22430075",1.36743013,1,4,3,0,1.059637,1.056435,-0.003202,38,33,112005
stress_repression_biased_r010_t004_A_r6_rep2,stress_repression_biased_r010_t004,random_delete_5,5,6,500,500,1000,2,high_00,"stress_repression_biased_r010_t004_e0020,stress_repression_biased_r010_t004_e0027,stress_repression_biased_r010_t004_e0013,stress_repression_biased_r010_t004_e0005,stress_repression_biased_r010_t004_e0019","15,10,18,13,19","11,13,7,3,9","-1,-1,-1,-1,1","-0.22430075,-0.33162232,-0.28521675,-0.23876801,0.32968516",1.40959299,1,4,3,0,1.059637,1.033426,-0.026211,38,33,112006
stress_repression_biased_r010_t004_A_r7_rep2,stress_repression_biased_r010_t004,random_delete_5,5,7,500,500,1000,2,high_00,"stress_repression_biased_r010_t004_e0009,stress_repression_biased_r010_t004_e0011,stress_repression_biased_r010_t004_e0031,stress_repression_biased_r010_t004_e0014,stress_repression_biased_r010_t004_e0037","3,13,18,11,14","6,6,15,7,19","-1,-1,1,-1,1","-0.25393027,-0.36957606,0.21212045,-0.27124359,0.35167233",1.4585427,2,3,5,0,1.059637,1.0491,-0.010537,38,33,112007
stress_repression_biased_r010_t004_A_r8_rep2,stress_repression_biased_r010_t004,random_delete_5,5,8,500,500,1000,2,high_00,"stress_repression_biased_r010_t004_e0018,stress_repression_biased_r010_t004_e0027,stress_repression_biased_r010_t004_e0003,stress_repression_biased_r010_t004_e0024,stress_repression_biased_r010_t004_e0025","6,10,6,10,1","9,13,2,12,13","1,-1,-1,-1,-1","0.39304239,-0.33162232,-0.2736391,-0.35855563,-0.29086162",1.64772106,1,4,2,0,1.059637,1.084467,0.02483,38,33,112008
stress_repression_biased_r010_t004_A_r9_rep2,stress_repression_biased_r010_t004,random_delete_5,5,9,500,500,1000,2,high_00,"stress_repression_biased_r010_t004_e0010,stress_repression_biased_r010_t004_e0026,stress_repression_biased_r010_t004_e0021,stress_repression_biased_r010_t004_e0004,stress_repression_biased_r010_t004_e0027","19,8,3,3,10","6,13,11,2,13","-1,-1,-1,1,-1","-0.2410159,-0.23535494,-0.30964128,0.35266167,-0.33162232",1.47029611,1,4,4,0,1.059637,1.076234,0.016597,38,33,112009
stress_repression_biased_r010_t004_B_r0_rep2,stress_repression_biased_r010_t004,target_strongest_5,5,0,500,500,1000,2,high_00,"stress_repression_biased_r010_t004_e0018,stress_repression_biased_r010_t004_e0036,stress_repression_biased_r010_t004_e0023,stress_repression_biased_r010_t004_e0011,stress_repression_biased_r010_t004_e0024","6,2,11,13,10","9,19,12,6,12","1,-1,1,-1,-1","0.39304239,-0.3874637,0.37628943,-0.36957606,-0.35855563",1.88492721,2,3,2,0,1.059637,1.070819,0.011182,38,33,
stress_repression_biased_r010_t004_C_r0_rep2,stress_repression_biased_r010_t004,target_hub_outgoing_5,5,0,500,500,1000,2,high_00,"stress_repression_biased_r010_t004_e0024,stress_repression_biased_r010_t004_e0000,stress_repression_biased_r010_t004_e0022,stress_repression_biased_r010_t004_e0028,stress_repression_biased_r010_t004_e0027","10,10,10,10,10","12,1,11,14,13","-1,-1,-1,1,-1","-0.35855563,-0.25556136,-0.25073056,0.24405014,-0.33162232",1.44052001,1,4,0,0,1.059637,1.059637,0.0,38,33,112000
stress_repression_biased_r010_t004_D_r0_rep2,stress_repression_biased_r010_t004,target_largest_scc_internal_5,5,0,500,500,1000,2,high_00,"stress_repression_biased_r010_t004_e0034,stress_repression_biased_r010_t004_e0026,stress_repression_biased_r010_t004_e0003,stress_repression_biased_r010_t004_e0009,stress_repression_biased_r010_t004_e0010","2,8,6,3,19","17,13,2,6,6","1,-1,-1,-1,-1","0.3389943,-0.23535494,-0.2736391,-0.25393027,-0.2410159",1.34293451,1,4,5,0,1.059637,1.057154,-0.002483,38,33,112000
stress_repression_biased_r010_t004_A_r0_rep3,stress_repression_biased_r010_t004,random_delete_5,5,0,500,500,1000,3,sparse_00,"stress_repression_biased_r010_t004_e0024,stress_repression_biased_r010_t004_e0031,stress_repression_biased_r010_t004_e0035,stress_repression_biased_r010_t004_e0032,stress_repression_biased_r010_t004_e0021","10,18,1,6,3","12,15,18,16,11","-1,1,1,-1,-1","-0.35855563,0.21212045,0.27906753,-0.20124119,-0.30964128",1.36062608,2,3,3,0,1.059637,1.012694,-0.046943,38,33,113000
stress_repression_biased_r010_t004_A_r1_rep3,stress_repression_biased_r010_t004,random_delete_5,5,1,500,500,1000,3,sparse_00,"stress_repression_biased_r010_t004_e0022,stress_repression_biased_r010_t004_e0023,stress_repression_biased_r010_t004_e0031,stress_repression_biased_r010_t004_e0017,stress_repression_biased_r010_t004_e0009","10,11,18,4,3","11,12,15,8,6","-1,1,1,1,-1","-0.25073056,0.37628943,0.21212045,0.34627494,-0.25393027",1.43934565,3,2,3,0,1.059637,1.051648,-0.007989,38,33,113001
stress_repression_biased_r010_t004_A_r2_rep3,stress_repression_biased_r010_t004,random_delete_5,5,2,500,500,1000,3,sparse_00,"stress_repression_biased_r010_t004_e0014,stress_repression_biased_r010_t004_e0008,stress_repression_biased_r010_t004_e0036,stress_repression_biased_r010_t004_e0023,stress_repression_biased_r010_t004_e0001","11,7,2,11,5","7,5,19,12,1","-1,-1,-1,1,-1","-0.27124359,-0.2432361,-0.3874637,0.37628943,-0.31012945",1.58836227,1,4,4,0,1.059637,1.055675,-0.003962,38,33,113002
stress_repression_biased_r010_t004_A_r3_rep3,stress_repression_biased_r010_t004,random_delete_5,5,3,500,500,1000,3,sparse_00,"stress_repression_biased_r010_t004_e0010,stress_repression_biased_r010_t004_e0029,stress_repression_biased_r010_t004_e0018,stress_repression_biased_r010_t004_e0017,stress_repression_biased_r010_t004_e0009","19,11,6,4,3","6,14,9,8,6","-1,-1,1,1,-1","-0.2410159,-0.30608287,0.39304239,0.34627494,-0.25393027",1.54034637,2,3,4,0,1.059637,1.059225,-0.000412,38,33,113003
stress_repression_biased_r010_t004_A_r4_rep3,stress_repression_biased_r010_t004,random_delete_5,5,4,500,500,1000,3,sparse_00,"stress_repression_biased_r010_t004_e0001,stress_repression_biased_r010_t004_e0037,stress_repression_biased_r010_t004_e0008,stress_repression_biased_r010_t004_e0022,stress_repression_biased_r010_t004_e0033","5,14,7,10,6","1,19,5,11,17","-1,1,-1,-1,-1","-0.31012945,0.35167233,-0.2432361,-0.25073056,-0.2563795",1.41214794,1,4,4,0,1.059637,1.054063,-0.005574,38,33,113004
stress_repression_biased_r010_t004_A_r5_rep3,stress_repression_biased_r010_t004,random_delete_5,5,5,500,500,1000,3,sparse_00,"stress_repression_biased_r010_t004_e0025,stress_repression_biased_r010_t004_e0015,stress_repression_biased_r010_t004_e0037,stress_repression_biased_r010_t004_e0023,stress_repression_biased_r010_t004_e0034","1,7,14,11,2","13,8,19,12,17","-1,1,1,1,1","-0.29086162,0.26741751,0.35167233,0.37628943,0.3389943",1.62523519,4,1,4,0,1.059637,1.024688,-0.034949,38,33,113005
stress_repression_biased_r010_t004_A_r6_rep3,stress_repression_biased_r010_t004,random_delete_5,5,6,500,500,1000,3,sparse_00,"stress_repression_biased_r010_t004_e0026,stress_repression_biased_r010_t004_e0034,stress_repression_biased_r010_t004_e0016,stress_repression_biased_r010_t004_e0022,stress_repression_biased_r010_t004_e0029","8,2,17,10,11","13,17,8,11,14","-1,1,-1,-1,-1","-0.23535494,0.3389943,-0.2357513,-0.25073056,-0.30608287",1.36691397,1,4,4,0,1.059637,1.06342,0.003783,38,33,113006
stress_repression_biased_r010_t004_A_r7_rep3,stress_repression_biased_r010_t004,random_delete_5,5,7,500,500,1000,3,sparse_00,"stress_repression_biased_r010_t004_e0034,stress_repression_biased_r010_t004_e0035,stress_repression_biased_r010_t004_e0032,stress_repression_biased_r010_t004_e0026,stress_repression_biased_r010_t004_e0012","2,1,6,8,17","17,18,16,13,6","1,1,-1,-1,1","0.3389943,0.27906753,-0.20124119,-0.23535494,0.3558696",1.41052756,3,2,4,0,1.059637,1.040842,-0.018795,38,33,113007
stress_repression_biased_r010_t004_A_r8_rep3,stress_repression_biased_r010_t004,random_delete_5,5,8,500,500,1000,3,sparse_00,"stress_repression_biased_r010_t004_e0007,stress_repression_biased_r010_t004_e0034,stress_repression_biased_r010_t004_e0004,stress_repression_biased_r010_t004_e0021,stress_repression_biased_r010_t004_e0017","2,2,3,3,4","5,17,2,11,8","-1,1,1,-1,1","-0.31548956,0.3389943,0.35266167,-0.30964128,0.34627494",1.66306175,3,2,5,0,1.059637,1.061867,0.00223,38,33,113008
stress_repression_biased_r010_t004_A_r9_rep3,stress_repression_biased_r010_t004,random_delete_5,5,9,500,500,1000,3,sparse_00,"stress_repression_biased_r010_t004_e0026,stress_repression_biased_r010_t004_e0031,stress_repression_biased_r010_t004_e0002,stress_repression_biased_r010_t004_e0010,stress_repression_biased_r010_t004_e0024","8,18,3,19,10","13,15,1,6,12","-1,1,-1,-1,-1","-0.23535494,0.21212045,-0.34953181,-0.2410159,-0.35855563",1.39657873,1,4,4,0,1.059637,1.017292,-0.042345,38,33,113009
stress_repression_biased_r010_t004_B_r0_rep3,stress_repression_biased_r010_t004,target_strongest_5,5,0,500,500,1000,3,sparse_00,"stress_repression_biased_r010_t004_e0018,stress_repression_biased_r010_t004_e0036,stress_repression_biased_r010_t004_e0023,stress_repression_biased_r010_t004_e0011,stress_repression_biased_r010_t004_e0024","6,2,11,13,10","9,19,12,6,12","1,-1,1,-1,-1","0.39304239,-0.3874637,0.37628943,-0.36957606,-0.35855563",1.88492721,2,3,2,0,1.059637,1.070819,0.011182,38,33,
stress_repression_biased_r010_t004_C_r0_rep3,stress_repression_biased_r010_t004,target_hub_outgoing_5,5,0,500,500,1000,3,sparse_00,"stress_repression_biased_r010_t004_e0028,stress_repression_biased_r010_t004_e0000,stress_repression_biased_r010_t004_e0027,stress_repression_biased_r010_t004_e0022,stress_repression_biased_r010_t004_e0024","10,10,10,10,10","14,1,13,11,12","1,-1,-1,-1,-1","0.24405014,-0.25556136,-0.33162232,-0.25073056,-0.35855563",1.44052001,1,4,0,0,1.059637,1.059637,0.0,38,33,113000
stress_repression_biased_r010_t004_D_r0_rep3,stress_repression_biased_r010_t004,target_largest_scc_internal_5,5,0,500,500,1000,3,sparse_00,"stress_repression_biased_r010_t004_e0020,stress_repression_biased_r010_t004_e0034,stress_repression_biased_r010_t004_e0001,stress_repression_biased_r010_t004_e0029,stress_repression_biased_r010_t004_e0031","15,2,5,11,18","11,17,1,14,15","-1,1,-1,-1,1","-0.22430075,0.3389943,-0.31012945,-0.30608287,0.21212045",1.39162782,2,3,5,0,1.059637,1.044611,-0.015026,38,33,113000
stress_repression_biased_r010_t004_A_r0_rep4,stress_repression_biased_r010_t004,random_delete_5,5,0,500,500,1000,4,low_01,"stress_repression_biased_r010_t004_e0004,stress_repression_biased_r010_t004_e0006,stress_repression_biased_r010_t004_e0002,stress_repression_biased_r010_t004_e0018,stress_repression_biased_r010_t004_e0035","3,2,3,6,1","2,4,1,9,18","1,-1,-1,1,1","0.35266167,-0.34488269,-0.34953181,0.39304239,0.27906753",1.71918609,3,2,4,0,1.059637,1.10779,0.048153,38,33,114000
stress_repression_biased_r010_t004_A_r1_rep4,stress_repression_biased_r010_t004,random_delete_5,5,1,500,500,1000,4,low_01,"stress_repression_biased_r010_t004_e0013,stress_repression_biased_r010_t004_e0030,stress_repression_biased_r010_t004_e0001,stress_repression_biased_r010_t004_e0006,stress_repression_biased_r010_t004_e0012","18,6,5,2,17","7,15,1,4,6","-1,-1,-1,-1,1","-0.28521675,-0.28391999,-0.31012945,-0.34488269,0.3558696",1.58001848,1,4,5,0,1.059637,1.045424,-0.014213,38,33,114001
stress_repression_biased_r010_t004_A_r2_rep4,stress_repression_biased_r010_t004,random_delete_5,5,2,500,500,1000,4,low_01,"stress_repression_biased_r010_t004_e0008,stress_repression_biased_r010_t004_e0015,stress_repression_biased_r010_t004_e0036,stress_repression_biased_r010_t004_e0016,stress_repression_biased_r010_t004_e0037","7,7,2,17,14","5,8,19,8,19","-1,1,-1,-1,1","-0.2432361,0.26741751,-0.3874637,-0.2357513,0.35167233",1.48554094,2,3,5,0,1.059637,0.983607,-0.07603,38,33,114002
stress_repression_biased_r010_t004_A_r3_rep4,stress_repression_biased_r010_t004,random_delete_5,5,3,500,500,1000,4,low_01,"stress_repression_biased_r010_t004_e0013,stress_repression_biased_r010_t004_e0017,stress_repression_biased_r010_t004_e0022,stress_repression_biased_r010_t004_e0031,stress_repression_biased_r010_t004_e0035","18,4,10,18,1","7,8,11,15,18","-1,1,-1,1,1","-0.28521675,0.34627494,-0.25073056,0.21212045,0.27906753",1.37341023,3,2,4,0,1.059637,1.031553,-0.028084,38,33,114003
stress_repression_biased_r010_t004_A_r4_rep4,stress_repression_biased_r010_t004,random_delete_5,5,4,500,500,1000,4,low_01,"stress_repression_biased_r010_t004_e0031,stress_repression_biased_r010_t004_e0024,stress_repression_biased_r010_t004_e0036,stress_repression_biased_r010_t004_e0032,stress_repression_biased_r010_t004_e0027","18,10,2,6,10","15,12,19,16,13","1,-1,-1,-1,-1","0.21212045,-0.35855563,-0.3874637,-0.20124119,-0.33162232",1.49100329,1,4,2,0,1.059637,1.061523,0.001886,38,33,114004
stress_repression_biased_r010_t004_A_r5_rep4,stress_repression_biased_r010_t004,random_delete_5,5,5,500,500,1000,4,low_01,"stress_repression_biased_r010_t004_e0033,stress_repression_biased_r010_t004_e0023,stress_repression_biased_r010_t004_e0015,stress_repression_biased_r010_t004_e0037,stress_repression_biased_r010_t004_e0017","6,11,7,14,4","17,12,8,19,8","-1,1,1,1,1","-0.2563795,0.37628943,0.26741751,0.35167233,0.34627494",1.59803371,4,1,4,0,1.059637,1.068854,0.009217,38,33,114005
stress_repression_biased_r010_t004_A_r6_rep4,stress_repression_biased_r010_t004,random_delete_5,5,6,500,500,1000,4,low_01,"stress_repression_biased_r010_t004_e0023,stress_repression_biased_r010_t004_e0000,stress_repression_biased_r010_t004_e0021,stress_repression_biased_r010_t004_e0037,stress_repression_biased_r010_t004_e0029","11,10,3,14,11","12,1,11,19,14","1,-1,-1,1,-1","0.37628943,-0.25556136,-0.30964128,0.35167233,-0.30608287",1.59924727,2,3,3,0,1.059637,1.058712,-0.000925,38,33,114006
stress_repression_biased_r010_t004_A_r7_rep4,stress_repression_biased_r010_t004,random_delete_5,5,7,500,500,1000,4,low_01,"stress_repression_biased_r010_t004_e0024,stress_repression_biased_r010_t004_e0007,stress_repression_biased_r010_t004_e0016,stress_repression_biased_r010_t004_e0014,stress_repression_biased_r010_t004_e0021","10,2,17,11,3","12,5,8,7,11","-1,-1,-1,-1,-1","-0.35855563,-0.31548956,-0.2357513,-0.27124359,-0.30964128",1.49068136,0,5,4,0,1.059637,1.064274,0.004637,38,33,114007
stress_repression_biased_r010_t004_A_r8_rep4,stress_repression_biased_r010_t004,random_delete_5,5,8,500,500,1000,4,low_01,"stress_repression_biased_r010_t004_e0005,stress_repression_biased_r010_t004_e0028,stress_repression_biased_r010_t004_e0033,stress_repression_biased_r010_t004_e0034,stress_repression_biased_r010_t004_e0026","13,10,6,2,8","3,14,17,17,13","-1,1,-1,1,-1","-0.23876801,0.24405014,-0.2563795,0.3389943,-0.23535494",1.31354689,2,3,4,0,1.059637,1.082977,0.02334,38,33,114008
stress_repression_biased_r010_t004_A_r9_rep4,stress_repression_biased_r010_t004,random_delete_5,5,9,500,500,1000,4,low_01,"stress_repression_biased_r010_t004_e0029,stress_repression_biased_r010_t004_e0035,stress_repression_biased_r010_t004_e0033,stress_repression_biased_r010_t004_e0002,stress_repression_biased_r010_t004_e0015","11,1,6,3,7","14,18,17,1,8","-1,1,-1,-1,1","-0.30608287,0.27906753,-0.2563795,-0.34953181,0.26741751",1.45847922,2,3,5,0,1.059637,1.037421,-0.022216,38,33,114009
stress_repression_biased_r010_t004_B_r0_rep4,stress_repression_biased_r010_t004,target_strongest_5,5,0,500,500,1000,4,low_01,"stress_repression_biased_r010_t004_e0018,stress_repression_biased_r010_t004_e0036,stress_repression_biased_r010_t004_e0023,stress_repression_biased_r010_t004_e0011,stress_repression_biased_r010_t004_e0024","6,2,11,13,10","9,19,12,6,12","1,-1,1,-1,-1","0.39304239,-0.3874637,0.37628943,-0.36957606,-0.35855563",1.88492721,2,3,2,0,1.059637,1.070819,0.011182,38,33,
stress_repression_biased_r010_t004_C_r0_rep4,stress_repression_biased_r010_t004,target_hub_outgoing_5,5,0,500,500,1000,4,low_01,"stress_repression_biased_r010_t004_e0000,stress_repression_biased_r010_t004_e0028,stress_repression_biased_r010_t004_e0027,stress_repression_biased_r010_t004_e0024,stress_repression_biased_r010_t004_e0022","10,10,10,10,10","1,14,13,12,11","-1,1,-1,-1,-1","-0.25556136,0.24405014,-0.33162232,-0.35855563,-0.25073056",1.44052001,1,4,0,0,1.059637,1.059637,0.0,38,33,114000
stress_repression_biased_r010_t004_D_r0_rep4,stress_repression_biased_r010_t004,target_largest_scc_internal_5,5,0,500,500,1000,4,low_01,"stress_repression_biased_r010_t004_e0030,stress_repression_biased_r010_t004_e0005,stress_repression_biased_r010_t004_e0029,stress_repression_biased_r010_t004_e0015,stress_repression_biased_r010_t004_e0031","6,13,11,7,18","15,3,14,8,15","-1,-1,-1,1,1","-0.28391999,-0.23876801,-0.30608287,0.26741751,0.21212045",1.30830883,2,3,5,0,1.059637,1.033028,-0.026609,38,33,114000
